gene	alleles	counts	total	note	kh	kd	kt	kq	k_diff	GENOTYPED_ALLELES	Freq_by_Seq	Freq_by_Clone
TRBV10-1	bp01,bp02	20,4	24		-0.0517257351423197	2.01957891629911	-1.65726607333131	-6.17879285949554	2.07130465144143	bp01,bp02	30;5	30;5
TRBV10-2	bp01,bp02	11,11	22		-12.3388641101991	2.99285138722739	0.473550710549114	-3.25698556645014	2.51930067667828	bp01,bp02	14;11	14;11
TRBV10-3	bp01	240	240		4.10056695828056	-48.4574023469696	-89.8684371368171	-137.342959236557	52.5579693052501	bp01	267	267
TRBV11-1	bp01	197	197		4.39229105565605	-38.7490420824034	-72.7405998057366	-111.709270029273	43.1413331380595	bp01	249	249
TRBV11-2	bp01	65	65		4.6518498924	-9.58260012777192	-20.798088716689	-33.6557717853686	14.2344500201719	bp01	101	101
TRBV11-3	bp01	3	3		2.04104534949921	1.38407073318359	0.866432798310491	0.273001272063738	0.656974616315627	bp01	3	3
TRBV12-5	bp01	7	7		2.76834873781831	1.23540796641518	0.0275861183779563	-1.35708744286447	1.53294077140313	bp01	10	10
TRBV12-34	bp01	734	734		-0.729950047564413	-161.469739506121	-288.118487571738	-1000	160.739789458557	bp01	770	770
TRBV13	bp01	225	225		4.20787690220997	-45.065219321462	-83.8880644369441	-128.395428905451	49.273096223672	bp01	248	248
TRBV14	bp01	268	268		3.88727857671092	-54.8024538141517	-101.044775996148	-154.057992340858	58.6897323908627	bp01	293	293
TRBV15	bp02	429	429		2.44999626613208	-91.4973738670026	-165.519598553855	-250.380306807141	93.9473701331346	bp02	480	480
TRBV18	bp01	359	359		3.10892265291253	-75.5090397661908	-137.453045972671	-208.467018613532	78.6179624191033	bp01	381	381
TRBV19	bp01	1141	1141		-5.33021429515123	-255.199560033861	-1000	-1000	249.86934573871	bp01	1221	1221
TRBV2	bp01	40	40		4.36102298205172	-4.39863856882331	-11.3004777004646	-19.2128980504213	8.75966155087503	bp01	45	45
TRBV20-1	bp01	540	540		1.33753500251934	-116.917895934293	-210.09272421145	-316.910399006785	118.255430936813	bp01	555	555
TRBV21-1	bp01	33	33		4.21235460012727	-3.01436617934462	-8.70838346294866	-15.2361302516629	7.22672077947189	bp01	34	34
TRBV23-1	bp01	2	2		1.75272731935137	1.31474424180762	0.969652285225554	0.574031267727719	0.437983077543751	bp01	2	2
TRBV24-1	bp01	137	137		4.6874826466227	-25.3143581651243	-48.9531571909956	-76.0531968895973	30.001840811747	bp01	144	144
TRBV25-1	bp01	5	5		2.46277944980916	1.36782175594978	0.50509186449462	-0.483960679249968	1.09495769385938	bp01	5	5
TRBV27	bp01	878	878		-2.32765826753264	-194.602229309239	-1000	-1000	192.274571041707	bp01	935	935
TRBV28	bp01	143	143		4.66627228130696	-26.6495177630713	-51.3235926586887	-79.610495409784	31.3157900443782	bp01	149	149
TRBV29-1	bp01,bp03	1163,340	1503		-1000	-49.9953357012029	-269.869969477505	-1000	219.874633776302	bp01,bp03	1311;397	1311;397
TRBV30	bp01,bp02,bp03	450,3,1	454		4.03269238110985	-89.675148496075	-166.075309446926	-255.514025842328	93.7078408771848	bp01	485	485
TRBV4-1	bp01	41	41		4.37897983630203	-4.59967325334487	-11.6740583632772	-19.7842892219828	8.9786530896469	bp01	46	46
TRBV4-2	bp01	168	168		4.55572152967293	-32.2348569840022	-61.2225813368954	-94.4547468067136	36.7905785136751	bp01	183	183
TRBV5-1	bp01	395	395		2.77514238588805	-83.7265154290028	-151.88217685396	-230.017327809783	86.5016578148908	bp01	461	461
TRBV5-3	bp02,bp01	18,6	24		-2.95770614081046	2.7771493016142	-0.66756644333906	-5.07613051759839	3.44471574495326	bp02,bp01	22;8	22;8
TRBV5-4	bp01	237	237		4.12245027239148	-47.778544416543	-88.6719412715175	-135.553031845011	51.9009946889345	bp01	266	266
TRBV5-5	bp01	145	145		4.6586969060876	-27.0950762158344	-52.1142430680339	-80.796766836627	31.753773121922	bp01	181	181
TRBV5-6	bp01	366	366		3.04496087017817	-77.1059423203283	-140.257770374846	-212.65641657695	80.1509031905065	bp01	494	494
TRBV5-8	bp01	14	14		3.43269264586395	0.366811103057692	-2.04883259301675	-4.81817971550159	3.06588154280626	bp01	18	18
TRBV6-1	bp01	789	789		-1.33521203585558	-174.119536126865	-310.258312998489	-1000	172.78432409101	bp01	1001	1001
TRBV6-4	bp01	283	283		3.7670429921177	-58.2075624803231	-107.038074336685	-163.018448312629	61.9746054724408	bp01	303	303
TRBV6-5	bp01	736	736		-0.751838331800538	-161.929610867901	-288.9234508901	-1000	161.1777725361	bp01	1085	1085
TRBV6-6	bp01,bp02,bp03	224,14,13	251		-6.6714218812697	-33.1465525720935	-54.1929371689982	-100.481099267906	26.4751306908238	bp01	460	460
TRBV6-7	bp01	1	1		1.36749927619547	1.14850773742359	0.975961759132561	0.778151250383644	0.218991538771876	bp01	1	1
TRBV6-23	bp01	213	213		4.28965732947843	-42.3555404289311	-79.1078338049208	-121.24147216844	46.6451977584095	bp01	241	241
TRBV7-2	bp02,bp01	90,51	141		-58.6310420639754	3.91169613926227	-14.4979910605054	-39.5087236405279	18.4096871997677	bp02,bp01	99;58	99;58
TRBV7-3	bp01	10	10		3.10739762835131	0.91748224063255	-0.807977542277764	-2.78608262976694	2.18991538771876	bp01	12	12
TRBV7-4	bp01	16	16		3.5610835791762	0.0572189588261938	-2.70351669383031	-5.86848483381299	3.50386462035001	bp01	20	20
TRBV7-6	bp01	99	99		4.75443695944692	-16.9257253789688	-34.0077772297809	-53.5910175959237	21.6801623384157	bp01	126	126
TRBV7-7	bp01	3	3		2.04104534949921	1.38407073318359	0.866432798310491	0.273001272063738	0.656974616315627	bp01	6	6
TRBV7-9	bp01,bp03,bp05	231,3,1	235		4.81461628982888	-40.9340775963152	-79.54666930143	-125.664884280819	45.7486938861441	bp01	260	260
TRBV9	bp02,bp01	5,1	6		1.3999886199497	1.91781478281006	0.998603535402451	-0.131778161138606	0.517826162860357	bp02,bp01	5;1	5;1
TRBV4-3	NA	NA	NA	NA	NA	NA	NA	NA	1000	Deletion	0	0
TRBD1	01	833	833		-1.82400847138256	-184.243960268355	-1000	-1000	182.419951796972	01	1292	1292
TRBD2	02,01	717,106	823		-78.2683944390052	-64.330238926148	-194.032729091777	-1000	13.9381555128571	02	1662	1662
TRBJ1-1	01	1572	1572		4.60749107517461	-29.8179788197642	-56.9422066071144	-88.0380185824442	34.4254698949388	01	1793	1793
TRBJ1-2	01	1311	1311		-7.3105928653029	-294.408500195232	-1000	-1000	287.097907329929	01	1540	1540
TRBJ1-3	01	247	247		4.04873555410798	-50.0421745225453	-92.6610311604301	-141.520226821413	54.0909100766533	01	314	314
TRBJ1-4	01	259	259		3.95751607794914	-52.7612924639666	-97.4507008413438	-148.683622607313	56.7188085419158	01	308	308
TRBJ1-5	01	717	717		-0.544293444014027	-157.561226743449	-281.276693178118	-1000	157.016933299435	01	836	836
TRBJ1-6	01	317	317		3.48167471274576	-65.9386430779388	-120.635718196196	-183.341649469603	69.4203177906846	01	363	363
TRBJ2-1	01	2301	2301		4.17199409419241	-46.2179589772162	-85.9207885819825	-131.436986645108	50.3899530714086	01	2677	2677
TRBJ2-2	01	698	698		-0.337658696537648	-153.193752759307	-273.630845606447	-1000	152.856094062769	01	793	793
TRBJ2-3	01	1081	1081		-4.63774972334662	-241.367603135744	-1000	-1000	236.729853412398	01	1268	1268
TRBJ2-4	01	131	131		4.70626288792374	-23.981628691192	-46.5851518473171	-72.4983284934253	28.6878915791157	01	158	158
TRBJ2-5	01	689	689		-0.240111008050308	-151.125281221873	-270.009460264393	-1000	150.885170213822	01	757	757
TRBJ2-6	01	126	126		4.71989574586971	-22.8730381393866	-44.6138314040566	-69.5379555064202	27.5929338852563	01	143	143
TRBJ2-7	01,02	2324,0	2324		4.15560413161246	-46.7380294789714	-86.8377148338071	-132.808877067056	50.8936336105839	01	2700	2700
