"subject"	"gene"	"IGHJ6_02"	"IGHJ6_04"	"alleles"	"proirs_row"	"proirs_col"	"counts1"	"k1"	"counts2"	"k2"	"counts3"	"k3"	"counts4"	"k4"
"P7_I5_S2"	"IGHV5-51"	"01"	"01"	"01"	"0.48,0.52"	"1"	"41,34"	"45.75095300317"	NA	NA	NA	NA	NA	NA
"P7_I5_S2"	"IGHV1-18"	"01"	"01"	"01"	"0.48,0.52"	"1"	"33,36"	"45.6946745929567"	NA	NA	NA	NA	NA	NA
"P7_I5_S2"	"IGHV1-69"	"06"	"Del"	"06"	"0.48,0.52"	"1"	"89,0"	"27.9131675913248"	NA	NA	NA	NA	NA	NA
"P7_I5_S2"	"IGHV3-21"	"01,02,06"	"01,06"	"01,02,06"	"0.48,0.52"	"0.711,0.190,0.098"	"24,36"	"30.4784620976985"	"19,3"	"0.787535425782047"	"2,4"	"2.25936893713257"	NA	NA
"P7_I5_S2"	"IGHV4-39"	"01"	"01"	"01"	"0.48,0.52"	"1"	"82,87"	"114.232850056793"	NA	NA	NA	NA	NA	NA
"P7_I5_S2"	"IGHV5-10-1"	"01"	"03"	"01,03"	"0.48,0.52"	"0.39,0.61"	"18,0"	"5.64535973757131"	"1,15"	"2.51685328788375"	NA	NA	NA	NA
"P7_I5_S2"	"IGHV3-30-3"	"Del"	"01"	"01"	"0.48,0.52"	"1"	"0,41"	"11.5006190780347"	NA	NA	NA	NA	NA	NA
"P7_I5_S2"	"IGHV3-74"	"01,03"	"01,03"	"01,03"	"0.48,0.52"	"0.88,0.12"	"16,12"	"15.6677240887762"	"1,2"	"1.12968446856628"	NA	NA	NA	NA
"P7_I5_S2"	"IGHV1-2"	"06"	"06"	"06"	"0.48,0.52"	"1"	"14,46"	"10.7665302817664"	NA	NA	NA	NA	NA	NA
"P7_I5_S2"	"IGHV3-15"	"01"	"01"	"01"	"0.48,0.52"	"1"	"13,21"	"16.0884126130732"	NA	NA	NA	NA	NA	NA
"P7_I5_S2"	"IGHV3-73"	"Unk"	"02"	"02"	"0.48,0.52"	"1"	"3,21"	"0.818490159435797"	NA	NA	NA	NA	NA	NA
"P7_I5_S2"	"IGHV4-34"	"01"	"01"	"01"	"0.48,0.52"	"1"	"109,150"	"142.209804569002"	NA	NA	NA	NA	NA	NA
"P7_I5_S2"	"IGHV3-11"	"05"	"06"	"05,06"	"0.48,0.52"	"0.65,0.35"	"32,0"	"10.0361950890157"	"0,10"	"2.8050290434231"	NA	NA	NA	NA
"P7_I5_S2"	"IGHV4-31"	"03"	"03"	"03"	"0.48,0.52"	"1"	"16,30"	"18.6359573057452"	NA	NA	NA	NA	NA	NA
"P7_I5_S2"	"IGHV1-58"	"01"	"01"	"01"	"0.48,0.52"	"1"	"2,11"	"0.295848606736398"	NA	NA	NA	NA	NA	NA
"P7_I5_S2"	"IGHV1-46"	"01"	"01"	"01"	"0.48,0.52"	"1"	"19,29"	"23.9885310418402"	NA	NA	NA	NA	NA	NA
"P7_I5_S2"	"IGHV4-59"	"01"	"01"	"01"	"0.48,0.52"	"1"	"29,25"	"34.0001599365879"	NA	NA	NA	NA	NA	NA
"P7_I5_S2"	"IGHV6-1"	"01"	"01"	"01"	"0.48,0.52"	"1"	"14,11"	"14.5711678123993"	NA	NA	NA	NA	NA	NA
"P7_I5_S2"	"IGHV3-53"	"01"	"01"	"01"	"0.48,0.52"	"1"	"53,32"	"38.5397429059085"	NA	NA	NA	NA	NA	NA
"P7_I5_S2"	"IGHV1-3"	"01,04"	"01"	"01,04"	"0.48,0.52"	"0.84,0.16"	"10,11"	"13.8213708247436"	"6,0"	"1.88178657919044"	NA	NA	NA	NA
"P7_I5_S2"	"IGHV3-33"	"01"	"01"	"01"	"0.48,0.52"	"1"	"100,46"	"47.9325399410814"	NA	NA	NA	NA	NA	NA
"P7_I5_S2"	"IGHV7-4-1"	"Unk"	"02"	"02"	"0.48,0.52"	"1"	"1,9"	"0.833835861829886"	NA	NA	NA	NA	NA	NA
"P7_I5_S2"	"IGHV3-48"	"02"	"02"	"02"	"0.48,0.52"	"1"	"22,22"	"31.0241222039891"	NA	NA	NA	NA	NA	NA
"P7_I5_S2"	"IGHV3-72"	"01"	"01"	"01"	"0.48,0.52"	"1"	"9,12"	"11.8501776431504"	NA	NA	NA	NA	NA	NA
"P7_I5_S2"	"IGHV1-24"	"01"	"01"	"01"	"0.48,0.52"	"1"	"5,4"	"5.32711839510263"	NA	NA	NA	NA	NA	NA
"P7_I5_S2"	"IGHV3-20"	"04"	"01,04"	"01,04"	"0.48,0.52"	"0.13,0.87"	"0,1"	"0.28050290434231"	"14,18"	"18.6206116033511"	NA	NA	NA	NA
"P7_I5_S2"	"IGHV3-64"	"Unk"	"02,07"	"02,07"	"0.48,0.52"	"0.77,0.23"	"0,5"	"1.40251452171155"	"0,1"	"0.28050290434231"	NA	NA	NA	NA
"P7_I5_S2"	"IGHV3-43"	"01"	"01"	"01"	"0.48,0.52"	"1"	"10,2"	"0.311325973563273"	NA	NA	NA	NA	NA	NA
"P7_I5_S2"	"IGHV3-7"	"04"	"01,04"	"01,04"	"0.48,0.52"	"0.54,0.46"	"0,16"	"4.48804646947696"	"11,7"	"8.61678722423319"	NA	NA	NA	NA
"P7_I5_S2"	"IGHV3-13"	"04"	"01"	"01,04"	"0.48,0.52"	"0.28,0.72"	"0,10"	"2.8050290434231"	"10,1"	"1.41249249587706"	NA	NA	NA	NA
"P7_I5_S2"	"IGHV2-70"	"01"	"01,13"	"01,13"	"0.48,0.52"	"0.73,0.27"	"5,5"	"7.05093686454297"	"0,6"	"1.68301742605386"	NA	NA	NA	NA
"P7_I5_S2"	"IGHV4-61"	"01,03,08"	"01,08"	"01,03,08"	"0.48,0.52"	"0.624,0.083,0.294"	"4,8"	"4.51873787426513"	"1,0"	"0.313631096531739"	"1,1"	"1.41018737290859"	NA	NA
"P7_I5_S2"	"IGHV4-4"	"02"	"02"	"02"	"0.48,0.52"	"1"	"13,11"	"14.884798908931"	NA	NA	NA	NA	NA	NA
"P7_I5_S2"	"IGHV3-49"	"05"	"Unk"	"05"	"0.48,0.52"	"1"	"11,2"	"0.00230512296846541"	NA	NA	NA	NA	NA	NA
"P7_I5_S2"	"IGHV3-64D"	"06"	"06"	"06"	"0.48,0.52"	"1"	"7,19"	"6.50527675825243"	NA	NA	NA	NA	NA	NA
"P7_I5_S2"	"IGHV4-30-4"	"01"	"01"	"01"	"0.48,0.52"	"1"	"3,8"	"2.82804759701423"	NA	NA	NA	NA	NA	NA
"P7_I5_S2"	"IGHV2-5"	"02"	"02"	"02"	"0.48,0.52"	"1"	"7,9"	"9.31030580167553"	NA	NA	NA	NA	NA	NA
"P7_I5_S2"	"IGHV2-26"	"01"	"01"	"01"	"0.48,0.52"	"1"	"2,12"	"0.0153457023940874"	NA	NA	NA	NA	NA	NA
"P7_I5_S2"	"IGHV4-30-2"	"01"	"01"	"01"	"0.48,0.52"	"1"	"5,8"	"6.20942815151604"	NA	NA	NA	NA	NA	NA
"P7_I5_S2"	"IGHV1-69-2"	"01"	"Unk"	"01"	"0.48,0.52"	"1"	"2,0"	"0.627262193063478"	NA	NA	NA	NA	NA	NA
"P7_I5_S2"	"IGHD1-26"	"01"	"01"	"01"	"0.48,0.52"	"1"	"42,10"	"4.06567864007028"	NA	NA	NA	NA	NA	NA
"P7_I5_S2"	"IGHD2-2"	"02"	"02"	"02"	"0.48,0.52"	"1"	"65,61"	"84.7669053612972"	NA	NA	NA	NA	NA	NA
"P7_I5_S2"	"IGHD3-3"	"01"	"01"	"01"	"0.48,0.52"	"1"	"86,101"	"117.068570505004"	NA	NA	NA	NA	NA	NA
"P7_I5_S2"	"IGHD3-22"	"01"	"Del"	"01"	"0.48,0.52"	"1"	"77,11"	"5.18759126910026"	NA	NA	NA	NA	NA	NA
"P7_I5_S2"	"IGHD6-25"	"01"	"01"	"01"	"0.48,0.52"	"1"	"3,9"	"2.54754469267192"	NA	NA	NA	NA	NA	NA
"P7_I5_S2"	"IGHD2-8"	"01,02"	"01,02"	"01,02"	"0.48,0.52"	"0.45,0.55"	"19,15"	"19.8982862075019"	"3,11"	"1.9865388839873"	NA	NA	NA	NA
"P7_I5_S2"	"IGHD4-17"	"01"	"01"	"01"	"0.48,0.52"	"1"	"37,52"	"47.9693892324833"	NA	NA	NA	NA	NA	NA
"P7_I5_S2"	"IGHD6-19"	"01"	"01"	"01"	"0.48,0.52"	"1"	"55,57"	"76.999299701288"	NA	NA	NA	NA	NA	NA
"P7_I5_S2"	"IGHD3-9"	"01"	"01"	"01"	"0.48,0.52"	"1"	"17,35"	"18.9241330612845"	NA	NA	NA	NA	NA	NA
"P7_I5_S2"	"IGHD3-16"	"01,02"	"01,02"	"01,02"	"0.48,0.52"	"0.28,0.72"	"5,2"	"1.87948145622197"	"9,8"	"10.967867886737"	NA	NA	NA	NA
"P7_I5_S2"	"IGHD2-21"	"01,02"	"01,02"	"01,02"	"0.48,0.52"	"0.4,0.6"	"1,4"	"0.568678659881664"	"6,10"	"7.33911262008232"	NA	NA	NA	NA
"P7_I5_S2"	"IGHD3-10"	"01"	"01"	"01"	"0.48,0.52"	"1"	"88,106"	"119.047436537795"	NA	NA	NA	NA	NA	NA
"P7_I5_S2"	"IGHD6-6"	"01"	"01"	"01"	"0.48,0.52"	"1"	"31,49"	"38.6667562820048"	NA	NA	NA	NA	NA	NA
"P7_I5_S2"	"IGHD7-27"	"01"	"01"	"01"	"0.48,0.52"	"1"	"5,15"	"4.24590782111987"	NA	NA	NA	NA	NA	NA
"P7_I5_S2"	"IGHD5-12"	"01"	"01"	"01"	"0.48,0.52"	"1"	"13,29"	"13.8443893783348"	NA	NA	NA	NA	NA	NA
"P7_I5_S2"	"IGHD6-13"	"01"	"01"	"01"	"0.48,0.52"	"1"	"60,64"	"83.4892307571464"	NA	NA	NA	NA	NA	NA
"P7_I5_S2"	"IGHD2-15"	"01"	"01"	"01"	"0.48,0.52"	"1"	"37,85"	"38.7127933891871"	NA	NA	NA	NA	NA	NA
"P7_I5_S2"	"IGHD5-18"	"Del"	"Del"	NA	NA	NA	NA	NA	NA	NA	NA	NA	NA	NA
"P7_I5_S2"	"IGHD5-24"	"01"	"01"	"01"	"0.48,0.52"	"1"	"23,19"	"25.5390356991363"	NA	NA	NA	NA	NA	NA
"P7_I5_S2"	"IGHD4-11"	"Del"	"Del"	NA	NA	NA	NA	NA	NA	NA	NA	NA	NA	NA
"P7_I5_S2"	"IGHD1-1"	"01"	"01"	"01"	"0.48,0.52"	"1"	"4,14"	"2.83572044821127"	NA	NA	NA	NA	NA	NA
"P7_I5_S2"	"IGHD1-7"	"01"	"01"	"01"	"0.48,0.52"	"1"	"16,9"	"10.4962686804552"	NA	NA	NA	NA	NA	NA
"P7_I5_S2"	"IGHD4-23"	"01"	"01"	"01"	"0.48,0.52"	"1"	"14,7"	"7.67589393463798"	NA	NA	NA	NA	NA	NA
"P7_I5_S2"	"IGHD1-20"	"Unk"	"01"	"01"	"0.48,0.52"	"1"	"0,2"	"0.56100580868462"	NA	NA	NA	NA	NA	NA
"P7_I5_S2"	"IGHV1-8"	"Del"	"Del"	NA	NA	NA	NA	NA	NA	NA	NA	NA	NA	NA
"P7_I5_S2"	"IGHV3-41"	"Unk"	"Unk"	NA	NA	NA	NA	NA	NA	NA	NA	NA	NA	NA
"P7_I5_S2"	"IGHV3-9"	"Del"	"Del"	NA	NA	NA	NA	NA	NA	NA	NA	NA	NA	NA
"P7_I5_S2"	"IGHV4-28"	"Del"	"Del"	NA	NA	NA	NA	NA	NA	NA	NA	NA	NA	NA
"P7_I5_S2"	"IGHV8-51-1"	"Unk"	"Unk"	NA	NA	NA	NA	NA	NA	NA	NA	NA	NA	NA
"P7_I5_S2"	"IGHV1-45"	"Unk"	"Unk"	NA	NA	NA	NA	NA	NA	NA	NA	NA	NA	NA
"P7_I5_S2"	"IGHV2-70D"	"Del"	"Del"	NA	NA	NA	NA	NA	NA	NA	NA	NA	NA	NA
"P7_I5_S2"	"IGHV3-23"	"Unk"	"Unk"	NA	NA	NA	NA	NA	NA	NA	NA	NA	NA	NA
"P7_I5_S2"	"IGHV3-23D"	"Unk"	"Unk"	NA	NA	NA	NA	NA	NA	NA	NA	NA	NA	NA
"P7_I5_S2"	"IGHV3-30"	"Unk"	"Unk"	NA	NA	NA	NA	NA	NA	NA	NA	NA	NA	NA
"P7_I5_S2"	"IGHV3-30-5"	"Unk"	"Unk"	NA	NA	NA	NA	NA	NA	NA	NA	NA	NA	NA
"P7_I5_S2"	"IGHV3-43D"	"Del"	"Del"	NA	NA	NA	NA	NA	NA	NA	NA	NA	NA	NA
"P7_I5_S2"	"IGHV3-66"	"Del"	"Del"	NA	NA	NA	NA	NA	NA	NA	NA	NA	NA	NA
"P7_I5_S2"	"IGHV4-38-2"	"Del"	"Del"	NA	NA	NA	NA	NA	NA	NA	NA	NA	NA	NA
"P7_I5_S2"	"IGHD4-4"	"Unk"	"Unk"	NA	NA	NA	NA	NA	NA	NA	NA	NA	NA	NA
"P7_I5_S2"	"IGHD5-5"	"Unk"	"Unk"	NA	NA	NA	NA	NA	NA	NA	NA	NA	NA	NA
