"sequence_id","sequences","closest_reference","closest_host","nt_diff","nt_diff_host","nt_substitutions","aa_diff","aa_substitutions","assigned_unmutated_frequency","unmutated_frequency","unmutated_sequences","unmutated_umis","allelic_percentage","unique_js","unique_cdr3s","unique_js_unmutated","unique_cdr3s_unmutated","haplotyping_gene","haplotyping_ratio","nt_sequence","nt_sequence_gapped"
"IGKV1-5*03","553","","","","","","","","81.56","3.56","451","","45","5","413","5","387","","","GACATCCAGATGACCCAGTCTCCTTCCACCCTGTCTGCATCTGTAGGAGACAGAGTCACCATCACTTGCCGGGCCAGTCAGAGTATTAGTAGCTGGTTGGCCTGGTATCAGCAGAAACCAGGGAAAGCCCCTAAGCTCCTGATCTATAAGGCGTCTAGTTTAGAAAGTGGGGTCCCATCAAGGTTCAGCGGCAGTGGATCTGGGACAGAATTCACTCTCACCATCAGCAGCCTGCAGCCTGATGATTTTGCAACTTATTACTGCCAACAGTATAATAGTTATTCTCC","GACATCCAGATGACCCAGTCTCCTTCCACCCTGTCTGCATCTGTAGGAGACAGAGTCACCATCACTTGCCGGGCCAGTCAGAGTATT..................AGTAGCTGGTTGGCCTGGTATCAGCAGAAACCAGGGAAAGCCCCTAAGCTCCTGATCTATAAGGCG.....................TCTAGTTTAGAAAGTGGGGTCCCA...TCAAGGTTCAGCGGCAGTGGA......TCTGGGACAGAATTCACTCTCACCATCAGCAGCCTGCAGCCTGATGATTTTGCAACTTATTACTGCCAACAGTATAATAGTTATTCTCC"
"IGKV1-5*03_G171A","684","","","","","","","","81.87","4.41","560","","55","5","503","5","469","","","GACATCCAGATGACCCAGTCTCCTTCCACCCTGTCTGCATCTGTAGGAGACAGAGTCACCATCACTTGCCGGGCCAGTCAGAGTATTAGTAGCTGGTTGGCCTGGTATCAGCAGAAACCAGGGAAAGCCCCTAAGCTCCTGATCTATAAGGCATCTAGTTTAGAAAGTGGGGTCCCATCAAGGTTCAGCGGCAGTGGATCTGGGACAGAATTCACTCTCACCATCAGCAGCCTGCAGCCTGATGATTTTGCAACTTATTACTGCCAACAGTATAATAGTTATTCTCC","GACATCCAGATGACCCAGTCTCCTTCCACCCTGTCTGCATCTGTAGGAGACAGAGTCACCATCACTTGCCGGGCCAGTCAGAGTATT..................AGTAGCTGGTTGGCCTGGTATCAGCAGAAACCAGGGAAAGCCCCTAAGCTCCTGATCTATAAGGCA.....................TCTAGTTTAGAAAGTGGGGTCCCA...TCAAGGTTCAGCGGCAGTGGA......TCTGGGACAGAATTCACTCTCACCATCAGCAGCCTGCAGCCTGATGATTTTGCAACTTATTACTGCCAACAGTATAATAGTTATTCTCC"
"IGKV1-6*01","111","","","","","","","","68.47","0.6","76","","100","5","68","5","61","","","GCCATCCAGATGACCCAGTCTCCATCCTCCCTGTCTGCATCTGTAGGAGACAGAGTCACCATCACTTGCCGGGCAAGTCAGGGCATTAGAAATGATTTAGGCTGGTATCAGCAGAAACCAGGGAAAGCCCCTAAGCTCCTGATCTATGCTGCATCCAGTTTACAAAGTGGGGTCCCATCAAGGTTCAGCGGCAGTGGATCTGGCACAGATTTCACTCTCACCATCAGCAGCCTGCAGCCTGAAGATTTTGCAACTTATTACTGTCTACAAGATTACAATTACCCTCC","GCCATCCAGATGACCCAGTCTCCATCCTCCCTGTCTGCATCTGTAGGAGACAGAGTCACCATCACTTGCCGGGCAAGTCAGGGCATT..................AGAAATGATTTAGGCTGGTATCAGCAGAAACCAGGGAAAGCCCCTAAGCTCCTGATCTATGCTGCA.....................TCCAGTTTACAAAGTGGGGTCCCA...TCAAGGTTCAGCGGCAGTGGA......TCTGGCACAGATTTCACTCTCACCATCAGCAGCCTGCAGCCTGAAGATTTTGCAACTTATTACTGTCTACAAGATTACAATTACCCTCC"
"IGKV1-8*01","127","","","","","","","","83.46","0.84","106","","47","5","95","5","92","","","GCCATCCGGATGACCCAGTCTCCATCCTCATTCTCTGCATCTACAGGAGACAGAGTCACCATCACTTGTCGGGCGAGTCAGGGTATTAGCAGTTATTTAGCCTGGTATCAGCAAAAACCAGGGAAAGCCCCTAAGCTCCTGATCTATGCTGCATCCACTTTGCAAAGTGGGGTCCCATCAAGGTTCAGCGGCAGTGGATCTGGGACAGATTTCACTCTCACCATCAGCTGCCTGCAGTCTGAAGATTTTGCAACTTATTACTGTCAACAGTATTATAGTTACCCTCC","GCCATCCGGATGACCCAGTCTCCATCCTCATTCTCTGCATCTACAGGAGACAGAGTCACCATCACTTGTCGGGCGAGTCAGGGTATT..................AGCAGTTATTTAGCCTGGTATCAGCAAAAACCAGGGAAAGCCCCTAAGCTCCTGATCTATGCTGCA.....................TCCACTTTGCAAAGTGGGGTCCCA...TCAAGGTTCAGCGGCAGTGGA......TCTGGGACAGATTTCACTCTCACCATCAGCTGCCTGCAGTCTGAAGATTTTGCAACTTATTACTGTCAACAGTATTATAGTTACCCTCC"
"IGKV1-8*01_G12A_T31C","144","","","","","","","","85.42","0.97","123","","53","5","116","5","111","","","GCCATCCGGATAACCCAGTCTCCATCCTCACTCTCTGCATCTACAGGAGACAGAGTCACCATCACTTGTCGGGCGAGTCAGGGTATTAGCAGTTATTTAGCCTGGTATCAGCAAAAACCAGGGAAAGCCCCTAAGCTCCTGATCTATGCTGCATCCACTTTGCAAAGTGGGGTCCCATCAAGGTTCAGCGGCAGTGGATCTGGGACAGATTTCACTCTCACCATCAGCTGCCTGCAGTCTGAAGATTTTGCAACTTATTACTGTCAACAGTATTATAGTTACCCTCC","GCCATCCGGATAACCCAGTCTCCATCCTCACTCTCTGCATCTACAGGAGACAGAGTCACCATCACTTGTCGGGCGAGTCAGGGTATT..................AGCAGTTATTTAGCCTGGTATCAGCAAAAACCAGGGAAAGCCCCTAAGCTCCTGATCTATGCTGCA.....................TCCACTTTGCAAAGTGGGGTCCCA...TCAAGGTTCAGCGGCAGTGGA......TCTGGGACAGATTTCACTCTCACCATCAGCTGCCTGCAGTCTGAAGATTTTGCAACTTATTACTGTCAACAGTATTATAGTTACCCTCC"
"IGKV1-9*01","451","","","","","","","","45.68","1.62","206","","100","5","290","5","172","","","GACATCCAGTTGACCCAGTCTCCATCCTTCCTGTCTGCATCTGTAGGAGACAGAGTCACCATCACTTGCCGGGCCAGTCAGGGCATTAGCAGTTATTTAGCCTGGTATCAGCAAAAACCAGGGAAAGCCCCTAAGCTCCTGATCTATGCTGCATCCACTTTGCAAAGTGGGGTCCCATCAAGGTTCAGCGGCAGTGGATCTGGGACAGAATTCACTCTCACAATCAGCAGCCTGCAGCCTGAAGATTTTGCAACTTATTACTGTCAACAGCTTAATAGTTACCCTCC","GACATCCAGTTGACCCAGTCTCCATCCTTCCTGTCTGCATCTGTAGGAGACAGAGTCACCATCACTTGCCGGGCCAGTCAGGGCATT..................AGCAGTTATTTAGCCTGGTATCAGCAAAAACCAGGGAAAGCCCCTAAGCTCCTGATCTATGCTGCA.....................TCCACTTTGCAAAGTGGGGTCCCA...TCAAGGTTCAGCGGCAGTGGA......TCTGGGACAGAATTCACTCTCACAATCAGCAGCCTGCAGCCTGAAGATTTTGCAACTTATTACTGTCAACAGCTTAATAGTTACCCTCC"
"IGKV1-16*02","162","","","","","","","","82.72","1.06","134","","100","5","104","5","94","","","GACATCCAGATGACCCAGTCTCCATCCTCACTGTCTGCATCTGTAGGAGACAGAGTCACCATCACTTGTCGGGCGAGTCAGGGCATTAGCAATTATTTAGCCTGGTTTCAGCAGAAACCAGGGAAAGCCCCTAAGTCCCTGATCTATGCTGCATCCAGTTTGCAAAGTGGGGTCCCATCAAAGTTCAGCGGCAGTGGATCTGGGACAGATTTCACTCTCACCATCAGCAGCCTGCAGCCTGAAGATTTTGCAACTTATTACTGCCAACAGTATAATAGTTACCCTCC","GACATCCAGATGACCCAGTCTCCATCCTCACTGTCTGCATCTGTAGGAGACAGAGTCACCATCACTTGTCGGGCGAGTCAGGGCATT..................AGCAATTATTTAGCCTGGTTTCAGCAGAAACCAGGGAAAGCCCCTAAGTCCCTGATCTATGCTGCA.....................TCCAGTTTGCAAAGTGGGGTCCCA...TCAAAGTTCAGCGGCAGTGGA......TCTGGGACAGATTTCACTCTCACCATCAGCAGCCTGCAGCCTGAAGATTTTGCAACTTATTACTGCCAACAGTATAATAGTTACCCTCC"
"IGKV1-17*01","119","","","","","","","","77.31","0.73","92","","67","5","88","5","75","","","GACATCCAGATGACCCAGTCTCCATCCTCCCTGTCTGCATCTGTAGGAGACAGAGTCACCATCACTTGCCGGGCAAGTCAGGGCATTAGAAATGATTTAGGCTGGTATCAGCAGAAACCAGGGAAAGCCCCTAAGCGCCTGATCTATGCTGCATCCAGTTTGCAAAGTGGGGTCCCATCAAGGTTCAGCGGCAGTGGATCTGGGACAGAATTCACTCTCACAATCAGCAGCCTGCAGCCTGAAGATTTTGCAACTTATTACTGTCTACAGCATAATAGTTACCCTCC","GACATCCAGATGACCCAGTCTCCATCCTCCCTGTCTGCATCTGTAGGAGACAGAGTCACCATCACTTGCCGGGCAAGTCAGGGCATT..................AGAAATGATTTAGGCTGGTATCAGCAGAAACCAGGGAAAGCCCCTAAGCGCCTGATCTATGCTGCA.....................TCCAGTTTGCAAAGTGGGGTCCCA...TCAAGGTTCAGCGGCAGTGGA......TCTGGGACAGAATTCACTCTCACAATCAGCAGCCTGCAGCCTGAAGATTTTGCAACTTATTACTGTCTACAGCATAATAGTTACCCTCC"
"IGKV1-17*03","59","","","","","","","","93.22","0.43","55","","33","5","48","5","47","","","GACATCCAGATGACCCAGTCTCCATCTGCCATGTCTGCATCTGTAGGAGACAGAGTCACCATCACTTGTCGGGCGAGTCAGGGCATTAGCAATTATTTAGCCTGGTTTCAGCAGAAACCAGGGAAAGTCCCTAAGCGCCTGATCTATGCTGCATCCAGTTTGCAAAGTGGGGTCCCATCAAGGTTCAGCGGCAGTGGATCTGGGACAGAATTCACTCTCACAATCAGCAGCCTGCAGCCTGAAGATTTTGCAACTTATTACTGTCTACAGCATAATAGTTACCCTCC","GACATCCAGATGACCCAGTCTCCATCTGCCATGTCTGCATCTGTAGGAGACAGAGTCACCATCACTTGTCGGGCGAGTCAGGGCATT..................AGCAATTATTTAGCCTGGTTTCAGCAGAAACCAGGGAAAGTCCCTAAGCGCCTGATCTATGCTGCA.....................TCCAGTTTGCAAAGTGGGGTCCCA...TCAAGGTTCAGCGGCAGTGGA......TCTGGGACAGAATTCACTCTCACAATCAGCAGCCTGCAGCCTGAAGATTTTGCAACTTATTACTGTCTACAGCATAATAGTTACCCTCC"
"IGKV1-27*01","153","","","","","","","","84.31","1.02","129","","48","5","115","5","111","","","GACATCCAGATGACCCAGTCTCCATCCTCCCTGTCTGCATCTGTAGGAGACAGAGTCACCATCACTTGCCGGGCGAGTCAGGGCATTAGCAATTATTTAGCCTGGTATCAGCAGAAACCAGGGAAAGTTCCTAAGCTCCTGATCTATGCTGCATCCACTTTGCAATCAGGGGTCCCATCTCGGTTCAGTGGCAGTGGATCTGGGACAGATTTCACTCTCACCATCAGCAGCCTGCAGCCTGAAGATGTTGCAACTTATTACTGTCAAAAGTATAACAGTGCCCCTCC","GACATCCAGATGACCCAGTCTCCATCCTCCCTGTCTGCATCTGTAGGAGACAGAGTCACCATCACTTGCCGGGCGAGTCAGGGCATT..................AGCAATTATTTAGCCTGGTATCAGCAGAAACCAGGGAAAGTTCCTAAGCTCCTGATCTATGCTGCA.....................TCCACTTTGCAATCAGGGGTCCCA...TCTCGGTTCAGTGGCAGTGGA......TCTGGGACAGATTTCACTCTCACCATCAGCAGCCTGCAGCCTGAAGATGTTGCAACTTATTACTGTCAAAAGTATAACAGTGCCCCTCC"
"IGKV1-27*01_T231C","166","","","","","","","","80.72","1.06","134","","52","5","128","5","120","","","GACATCCAGATGACCCAGTCTCCATCCTCCCTGTCTGCATCTGTAGGAGACAGAGTCACCATCACTTGCCGGGCGAGTCAGGGCATTAGCAATTATTTAGCCTGGTATCAGCAGAAACCAGGGAAAGTTCCTAAGCTCCTGATCTATGCTGCATCCACTTTGCAATCAGGGGTCCCATCTCGGTTCAGCGGCAGTGGATCTGGGACAGATTTCACTCTCACCATCAGCAGCCTGCAGCCTGAAGATGTTGCAACTTATTACTGTCAAAAGTATAACAGTGCCCCTCC","GACATCCAGATGACCCAGTCTCCATCCTCCCTGTCTGCATCTGTAGGAGACAGAGTCACCATCACTTGCCGGGCGAGTCAGGGCATT..................AGCAATTATTTAGCCTGGTATCAGCAGAAACCAGGGAAAGTTCCTAAGCTCCTGATCTATGCTGCA.....................TCCACTTTGCAATCAGGGGTCCCA...TCTCGGTTCAGCGGCAGTGGA......TCTGGGACAGATTTCACTCTCACCATCAGCAGCCTGCAGCCTGAAGATGTTGCAACTTATTACTGTCAAAAGTATAACAGTGCCCCTCC"
"IGKV1-NL1*01","237","","","","","","","","74.26","1.39","176","","100","5","165","5","150","","","GACATCCAGATGACCCAGTCTCCATCCTCCCTGTCTGCATCTGTAGGAGACAGAGTCACCATCACTTGCCGGGCGAGTCAGGGCATTAGCAATTCTTTAGCCTGGTATCAGCAGAAACCAGGGAAAGCCCCTAAGCTCCTGCTCTATGCTGCATCCAGATTGGAAAGTGGGGTCCCATCCAGGTTCAGTGGCAGTGGATCTGGGACGGATTACACTCTCACCATCAGCAGCCTGCAGCCTGAAGATTTTGCAACTTATTACTGTCAACAGTATTATAGTACCCCTCC","GACATCCAGATGACCCAGTCTCCATCCTCCCTGTCTGCATCTGTAGGAGACAGAGTCACCATCACTTGCCGGGCGAGTCAGGGCATT..................AGCAATTCTTTAGCCTGGTATCAGCAGAAACCAGGGAAAGCCCCTAAGCTCCTGCTCTATGCTGCA.....................TCCAGATTGGAAAGTGGGGTCCCA...TCCAGGTTCAGTGGCAGTGGA......TCTGGGACGGATTACACTCTCACCATCAGCAGCCTGCAGCCTGAAGATTTTGCAACTTATTACTGTCAACAGTATTATAGTACCCCTCC"
"IGKV2/OR22-4*01","6","","","","","","","","100","0.05","6","","100","3","6","3","6","","","GACATTGTGATGACCCAGACTCCACTCTCCCTGCCTGTCACTCCTGGAGAGCCAGCCTCCATCTCCTGCAGATCTAGTGAGAGCCTCTTGGATACTGATGATGAATACACCTATTTGAATTGGTACCTGCAGAAGCCAGGCCAGTCTCCACAGCTCCTGATCTATGAGGTTTCCAACCGGGCCTCTGGAGTTCCAGACAGGTTCAGTGGCAGTGGGTCAGGCACTGATTTCACTCTGAAAATCAGTAGGGTGGAGGCTTAGGATGTTGGGGTTTATTACTGCATGCAAGCTCTACAAACTCCGCC","GACATTGTGATGACCCAGACTCCACTCTCCCTGCCTGTCACTCCTGGAGAGCCAGCCTCCATCTCCTGCAGATCTAGTGAGAGCCTCTTGGATACTGATGATGAATACACCTATTTGAATTGGTACCTGCAGAAGCCAGGCCAGTCTCCACAGCTCCTGATCTATGAGGTT.....................TCCAACCGGGCCTCTGGAGTTCCA...GACAGGTTCAGTGGCAGTGGG......TCAGGCACTGATTTCACTCTGAAAATCAGTAGGGTGGAGGCTTAGGATGTTGGGGTTTATTACTGCATGCAAGCTCTACAAACTCCGCC"
"IGKV2-18*01","7","","","","","","","","57.14","0.03","4","","100","4","7","3","4","","","GATATTGTGATGACCCAGACTCCACCCTCCCTGCCCGTCAACCCTGGAGAGCCGGCCTCCATCTCTTGCAGGTCTAGTCAGAGCCTCCTGCATAGTAATGGATATACCTATTTGCATTGGTACCTGCAGAAGCCAGGGCAGTCTCCACAGCTCCTGATTTATAGGGTTTCCAATCATCTTTCTGGGGTCCCAGACAGGTTTAGTGGCAGTGGGTCAGGTAGTGATTTCACACTGAAAATCAGCTGGGTGGAGGCTGAGGATGTTGGGGTTTATTACTGCATGCAAGCTACACAGTTTCCTAA","GATATTGTGATGACCCAGACTCCACCCTCCCTGCCCGTCAACCCTGGAGAGCCGGCCTCCATCTCTTGCAGGTCTAGTCAGAGCCTCCTGCATAGT...AATGGATATACCTATTTGCATTGGTACCTGCAGAAGCCAGGGCAGTCTCCACAGCTCCTGATTTATAGGGTT.....................TCCAATCATCTTTCTGGGGTCCCA...GACAGGTTTAGTGGCAGTGGG......TCAGGTAGTGATTTCACACTGAAAATCAGCTGGGTGGAGGCTGAGGATGTTGGGGTTTATTACTGCATGCAAGCTACACAGTTTCCTAA"
"IGKV2-24*01","57","","","","","","","","94.74","0.43","54","","100","5","51","5","50","","","GATATTGTGATGACCCAGACTCCACTCTCCTCACCTGTCACCCTTGGACAGCCGGCCTCCATCTCCTGCAGGTCTAGTCAAAGCCTCGTACACAGTGATGGAAACACCTACTTGAGTTGGCTTCAGCAGAGGCCAGGCCAGCCTCCAAGACTCCTAATTTATAAGATTTCTAACCGGTTCTCTGGGGTCCCAGACAGATTCAGTGGCAGTGGGGCAGGGACAGATTTCACACTGAAAATCAGCAGGGTGGAAGCTGAGGATGTCGGGGTTTATTACTGCATGCAAGCTACACAATTTCCTCA","GATATTGTGATGACCCAGACTCCACTCTCCTCACCTGTCACCCTTGGACAGCCGGCCTCCATCTCCTGCAGGTCTAGTCAAAGCCTCGTACACAGT...GATGGAAACACCTACTTGAGTTGGCTTCAGCAGAGGCCAGGCCAGCCTCCAAGACTCCTAATTTATAAGATT.....................TCTAACCGGTTCTCTGGGGTCCCA...GACAGATTCAGTGGCAGTGGG......GCAGGGACAGATTTCACACTGAAAATCAGCAGGGTGGAAGCTGAGGATGTCGGGGTTTATTACTGCATGCAAGCTACACAATTTCCTCA"
"IGKV2-29*02","370","","","","","","","","80.81","2.36","299","","100","5","274","5","256","","","GATATTGTGATGACCCAGACTCCACTCTCTCTGTCCGTCACCCCTGGACAGCCGGCCTCCATCTCCTGCAAGTCTAGTCAGAGCCTCCTGCATAGTGATGGAAAGACCTATTTGTATTGGTACCTGCAGAAGCCAGGCCAGTCTCCACAGCTCCTAATCTATGAAGTTTCCAGCCGGTTCTCTGGAGTGCCAGATAGGTTCAGTGGCAGCGGGTCAGGGACAGATTTCACACTGAAAATCAGCCGGGTGGAGGCTGAGGATGTTGGGGTTTATTACTGCATGCAAGGTATACACCTTCCTCC","GATATTGTGATGACCCAGACTCCACTCTCTCTGTCCGTCACCCCTGGACAGCCGGCCTCCATCTCCTGCAAGTCTAGTCAGAGCCTCCTGCATAGT...GATGGAAAGACCTATTTGTATTGGTACCTGCAGAAGCCAGGCCAGTCTCCACAGCTCCTAATCTATGAAGTT.....................TCCAGCCGGTTCTCTGGAGTGCCA...GATAGGTTCAGTGGCAGCGGG......TCAGGGACAGATTTCACACTGAAAATCAGCCGGGTGGAGGCTGAGGATGTTGGGGTTTATTACTGCATGCAAGGTATACACCTTCCTCC"
"IGKV2-30*01","149","","","","","","","","83.22","0.98","124","","42","5","123","5","114","","","GATGTTGTGATGACTCAGTCTCCACTCTCCCTGCCCGTCACCCTTGGACAGCCGGCCTCCATCTCCTGCAGGTCTAGTCAAAGCCTCGTATACAGTGATGGAAACACCTACTTGAATTGGTTTCAGCAGAGGCCAGGCCAATCTCCAAGGCGCCTAATTTATAAGGTTTCTAACCGGGACTCTGGGGTCCCAGACAGATTCAGCGGCAGTGGGTCAGGCACTGATTTCACACTGAAAATCAGCAGGGTGGAGGCTGAGGATGTTGGGGTTTATTACTGCATGCAAGGTACACACTGGCCTCC","GATGTTGTGATGACTCAGTCTCCACTCTCCCTGCCCGTCACCCTTGGACAGCCGGCCTCCATCTCCTGCAGGTCTAGTCAAAGCCTCGTATACAGT...GATGGAAACACCTACTTGAATTGGTTTCAGCAGAGGCCAGGCCAATCTCCAAGGCGCCTAATTTATAAGGTT.....................TCTAACCGGGACTCTGGGGTCCCA...GACAGATTCAGCGGCAGTGGG......TCAGGCACTGATTTCACACTGAAAATCAGCAGGGTGGAGGCTGAGGATGTTGGGGTTTATTACTGCATGCAAGGTACACACTGGCCTCC"
"IGKV2-30*02","205","","","","","","","","88.78","1.43","182","","58","5","170","5","164","","","GATGTTGTGATGACTCAGTCTCCACTCTCCCTGCCCGTCACCCTTGGACAGCCGGCCTCCATCTCCTGCAGGTCTAGTCAAAGCCTCGTACACAGTGATGGAAACACCTACTTGAATTGGTTTCAGCAGAGGCCAGGCCAATCTCCAAGGCGCCTAATTTATAAGGTTTCTAACCGGGACTCTGGGGTCCCAGACAGATTCAGCGGCAGTGGGTCAGGCACTGATTTCACACTGAAAATCAGCAGGGTGGAGGCTGAGGATGTTGGGGTTTATTACTGCATGCAAGGTACACACTGGCCTCC","GATGTTGTGATGACTCAGTCTCCACTCTCCCTGCCCGTCACCCTTGGACAGCCGGCCTCCATCTCCTGCAGGTCTAGTCAAAGCCTCGTACACAGT...GATGGAAACACCTACTTGAATTGGTTTCAGCAGAGGCCAGGCCAATCTCCAAGGCGCCTAATTTATAAGGTT.....................TCTAACCGGGACTCTGGGGTCCCA...GACAGATTCAGCGGCAGTGGG......TCAGGCACTGATTTCACACTGAAAATCAGCAGGGTGGAGGCTGAGGATGTTGGGGTTTATTACTGCATGCAAGGTACACACTGGCCTCC"
"IGKV1/OR2-108*01","2","","","","","","","","100","0.02","2","","100","1","2","1","2","","","GACATCCAGGTGACCCAGTCTCCATCTTCCCTGTCTGCGTCTGTAGGAGACAGAGTCACCATCACCTGCCGGGCAAGTCAGGGCATTAGCAATGGGTTATCCTGGTATCAGCAGAAACCAGGGCAAGCCCCTACGCTCCTGATCTATGCTGCATCCAGTTTGCAGTCGGGGGTCCCATCTCGGTTCAGTGGCAGTGGATCTGGGACAGATTTCACTCTCACCATCAGCAGCCTGCAGCCTGAAGATGTTGCAACTTATTACTGTCTACAGGATTATACTACCCCATT","GACATCCAGGTGACCCAGTCTCCATCTTCCCTGTCTGCGTCTGTAGGAGACAGAGTCACCATCACCTGCCGGGCAAGTCAGGGCATT..................AGCAATGGGTTATCCTGGTATCAGCAGAAACCAGGGCAAGCCCCTACGCTCCTGATCTATGCTGCA.....................TCCAGTTTGCAGTCGGGGGTCCCA...TCTCGGTTCAGTGGCAGTGGA......TCTGGGACAGATTTCACTCTCACCATCAGCAGCCTGCAGCCTGAAGATGTTGCAACTTATTACTGTCTACAGGATTATACTACCCCATT"
"IGKV3-7*04","19","","","","","","","","36.84","0.06","7","","100","4","15","4","6","","","GAAATTGTAATGACACAGTCTCCACCCACCCTGTCTTTGTCTCCAGGGGAAAGAGTCACCCTCTCCTGCAGGGCCAGTCAGAGTGTTAGCAGCAGCTACTTAACCTGGTATCAGCAGAAACCTGGCCAGGCGCCCAGGCTCCTCATCTATGGTGCATCCACCAGGGCCACTAGCATCCCAGCCAGGTTCAGTGGCAGTGGGTCTGGGACAGACTTCACTCTCACCATCAGCAGCCTGCAGCCTGAAGATTTTGCAGTTTATTACTGTCAGCAGGATTATAACTTACCTCC","GAAATTGTAATGACACAGTCTCCACCCACCCTGTCTTTGTCTCCAGGGGAAAGAGTCACCCTCTCCTGCAGGGCCAGTCAGAGTGTTAGC...............AGCAGCTACTTAACCTGGTATCAGCAGAAACCTGGCCAGGCGCCCAGGCTCCTCATCTATGGTGCA.....................TCCACCAGGGCCACTAGCATCCCA...GCCAGGTTCAGTGGCAGTGGG......TCTGGGACAGACTTCACTCTCACCATCAGCAGCCTGCAGCCTGAAGATTTTGCAGTTTATTACTGTCAGCAGGATTATAACTTACCTCC"
"IGKV3-11*01","2302","","","","","","","","68.42","12.42","1575","","100","5","1250","5","1142","","","GAAATTGTGTTGACACAGTCTCCAGCCACCCTGTCTTTGTCTCCAGGGGAAAGAGCCACCCTCTCCTGCAGGGCCAGTCAGAGTGTTAGCAGCTACTTAGCCTGGTACCAACAGAAACCTGGCCAGGCTCCCAGGCTCCTCATCTATGATGCATCCAACAGGGCCACTGGCATCCCAGCCAGGTTCAGTGGCAGTGGGTCTGGGACAGACTTCACTCTCACCATCAGCAGCCTAGAGCCTGAAGATTTTGCAGTTTATTACTGTCAGCAGCGTAGCAACTGGCCTCC","GAAATTGTGTTGACACAGTCTCCAGCCACCCTGTCTTTGTCTCCAGGGGAAAGAGCCACCCTCTCCTGCAGGGCCAGTCAGAGTGTT..................AGCAGCTACTTAGCCTGGTACCAACAGAAACCTGGCCAGGCTCCCAGGCTCCTCATCTATGATGCA.....................TCCAACAGGGCCACTGGCATCCCA...GCCAGGTTCAGTGGCAGTGGG......TCTGGGACAGACTTCACTCTCACCATCAGCAGCCTAGAGCCTGAAGATTTTGCAGTTTATTACTGTCAGCAGCGTAGCAACTGGCCTCC"
"IGKV3-15*01","1564","","","","","","","","67.52","8.32","1056","","100","5","923","5","842","","","GAAATAGTGATGACGCAGTCTCCAGCCACCCTGTCTGTGTCTCCAGGGGAAAGAGCCACCCTCTCCTGCAGGGCCAGTCAGAGTGTTAGCAGCAACTTAGCCTGGTACCAGCAGAAACCTGGCCAGGCTCCCAGGCTCCTCATCTATGGTGCATCCACCAGGGCCACTGGTATCCCAGCCAGGTTCAGTGGCAGTGGGTCTGGGACAGAGTTCACTCTCACCATCAGCAGCCTGCAGTCTGAAGATTTTGCAGTTTATTACTGTCAGCAGTATAATAACTGGCCTCC","GAAATAGTGATGACGCAGTCTCCAGCCACCCTGTCTGTGTCTCCAGGGGAAAGAGCCACCCTCTCCTGCAGGGCCAGTCAGAGTGTT..................AGCAGCAACTTAGCCTGGTACCAGCAGAAACCTGGCCAGGCTCCCAGGCTCCTCATCTATGGTGCA.....................TCCACCAGGGCCACTGGTATCCCA...GCCAGGTTCAGTGGCAGTGGG......TCTGGGACAGAGTTCACTCTCACCATCAGCAGCCTGCAGTCTGAAGATTTTGCAGTTTATTACTGTCAGCAGTATAATAACTGGCCTCC"
"IGKV3-20*01","2558","","","","","","","","68.8","13.87","1760","","100","5","1486","5","1343","","","GAAATTGTGTTGACGCAGTCTCCAGGCACCCTGTCTTTGTCTCCAGGGGAAAGAGCCACCCTCTCCTGCAGGGCCAGTCAGAGTGTTAGCAGCAGCTACTTAGCCTGGTACCAGCAGAAACCTGGCCAGGCTCCCAGGCTCCTCATCTATGGTGCATCCAGCAGGGCCACTGGCATCCCAGACAGGTTCAGTGGCAGTGGGTCTGGGACAGACTTCACTCTCACCATCAGCAGACTGGAGCCTGAAGATTTTGCAGTGTATTACTGTCAGCAGTATGGTAGCTCACCTCC","GAAATTGTGTTGACGCAGTCTCCAGGCACCCTGTCTTTGTCTCCAGGGGAAAGAGCCACCCTCTCCTGCAGGGCCAGTCAGAGTGTTAGC...............AGCAGCTACTTAGCCTGGTACCAGCAGAAACCTGGCCAGGCTCCCAGGCTCCTCATCTATGGTGCA.....................TCCAGCAGGGCCACTGGCATCCCA...GACAGGTTCAGTGGCAGTGGG......TCTGGGACAGACTTCACTCTCACCATCAGCAGACTGGAGCCTGAAGATTTTGCAGTGTATTACTGTCAGCAGTATGGTAGCTCACCTCC"
"IGKV4-1*01","1024","","","","","","","","73.63","5.94","754","","100","5","606","5","552","","","GACATCGTGATGACCCAGTCTCCAGACTCCCTGGCTGTGTCTCTGGGCGAGAGGGCCACCATCAACTGCAAGTCCAGCCAGAGTGTTTTATACAGCTCCAACAATAAGAACTACTTAGCTTGGTACCAGCAGAAACCAGGACAGCCTCCTAAGCTGCTCATTTACTGGGCATCTACCCGGGAATCCGGGGTCCCTGACCGATTCAGTGGCAGCGGGTCTGGGACAGATTTCACTCTCACCATCAGCAGCCTGCAGGCTGAAGATGTGGCAGTTTATTACTGTCAGCAATATTATAGTACTCCTCC","GACATCGTGATGACCCAGTCTCCAGACTCCCTGGCTGTGTCTCTGGGCGAGAGGGCCACCATCAACTGCAAGTCCAGCCAGAGTGTTTTATACAGCTCCAACAATAAGAACTACTTAGCTTGGTACCAGCAGAAACCAGGACAGCCTCCTAAGCTGCTCATTTACTGGGCA.....................TCTACCCGGGAATCCGGGGTCCCT...GACCGATTCAGTGGCAGCGGG......TCTGGGACAGATTTCACTCTCACCATCAGCAGCCTGCAGGCTGAAGATGTGGCAGTTTATTACTGTCAGCAATATTATAGTACTCCTCC"
"IGKV5-2*01","34","","","","","","","","47.06","0.13","16","","100","5","30","5","16","","","GAAACGACACTCACGCAGTCTCCAGCATTCATGTCAGCGACTCCAGGAGACAAAGTCAACATCTCCTGCAAAGCCAGCCAAGACATTGATGATGATATGAACTGGTACCAACAGAAACCAGGAGAAGCTGCTATTTTCATTATTCAAGAAGCTACTACTCTCGTTCCTGGAATCCCACCTCGATTCAGTGGCAGCGGGTATGGAACAGATTTTACCCTCACAATTAATAACATAGAATCTGAGGATGCTGCATATTACTTCTGTCTACAACATGATAATTTCCCTCT","GAAACGACACTCACGCAGTCTCCAGCATTCATGTCAGCGACTCCAGGAGACAAAGTCAACATCTCCTGCAAAGCCAGCCAAGACATT..................GATGATGATATGAACTGGTACCAACAGAAACCAGGAGAAGCTGCTATTTTCATTATTCAAGAAGCT.....................ACTACTCTCGTTCCTGGAATCCCA...CCTCGATTCAGTGGCAGCGGG......TATGGAACAGATTTTACCCTCACAATTAATAACATAGAATCTGAGGATGCTGCATATTACTTCTGTCTACAACATGATAATTTCCCTCT"
"IGKV1/OR15-118*01","1","","","","","","","","100","0.01","1","","100","1","1","1","1","","","GACATCCAGATGACCCAGTCTCCATCCTCCCTGTCTGCATCTGTAGGAGACAGAGTCACCATCACTTGCCGGGCGAGTCAGGGCATTAGCAATAATTTAAATTGGTATCAGCAGAAACCAGGGAAAACTCCTAAGCTCCTGATCTATGCTGCACCCAGTCTGCAAAGTGGGATTCCCTCTCGGTTCAGTGACAGTGGATCTGGGGCAGATTACACTCTCACCATCCGCAGCCTGCAGCCTGAAGATTTTGCAACTTATTAGTGTCAACAGAGTGACAGTACCCCTCC","GACATCCAGATGACCCAGTCTCCATCCTCCCTGTCTGCATCTGTAGGAGACAGAGTCACCATCACTTGCCGGGCGAGTCAGGGCATT..................AGCAATAATTTAAATTGGTATCAGCAGAAACCAGGGAAAACTCCTAAGCTCCTGATCTATGCTGCA.....................CCCAGTCTGCAAAGTGGGATTCCC...TCTCGGTTCAGTGACAGTGGA......TCTGGGGCAGATTACACTCTCACCATCCGCAGCCTGCAGCCTGAAGATTTTGCAACTTATTAGTGTCAACAGAGTGACAGTACCCCTCC"
"IGKV7-3*01","5","","","","","","","","100","0.04","5","","100","3","5","3","5","","","GACATTGTGCTGACCCAGTCTCCAGCCTCCTTGGCCGTGTCTCCAGGACAGAGGGCCACCATCACCTGCAGAGCCAGTGAGAGTGTCAGTTTCTTGGGAATAAACTTAATTCACTGGTATCAGCAGAAACCAGGACAACCTCCTAAACTCCTGATTTACCAAGCATCCAATAAAGACACTGGGGTCCCAGCCAGGTTCAGCGGCAGTGGGTCTGGGACCGATTTCACCCTCACAATTAATCCTGTGGAAGCTAATGATACTGCAAATTATTACTGTCTGCAGAGTAAGAATTTTCCTCC","GACATTGTGCTGACCCAGTCTCCAGCCTCCTTGGCCGTGTCTCCAGGACAGAGGGCCACCATCACCTGCAGAGCCAGTGAGAGTGTCAGTTTC......TTGGGAATAAACTTAATTCACTGGTATCAGCAGAAACCAGGACAACCTCCTAAACTCCTGATTTACCAAGCA.....................TCCAATAAAGACACTGGGGTCCCA...GCCAGGTTCAGCGGCAGTGGG......TCTGGGACCGATTTCACCCTCACAATTAATCCTGTGGAAGCTAATGATACTGCAAATTATTACTGTCTGCAGAGTAAGAATTTTCCTCC"
"IGKV3D-7*01","7","","","","","","","","57.14","0.03","4","","100","3","7","2","4","","","GAAATTGTAATGACACAGTCTCCAGCCACCCTGTCTTTGTCTCCAGGGGAAAGAGCCACCCTCTCCTGCAGGGCCAGTCAGAGTGTTAGCAGCAGCTACTTATCCTGGTACCAGCAGAAACCTGGGCAGGCTCCCAGGCTCCTCATCTATGGTGCATCCACCAGGGCCACTGGCATCCCAGCCAGGTTCAGTGGCAGTGGGTCTGGGACAGACTTCACTCTCACCATCAGCAGCCTGCAGCCTGAAGATTTTGCAGTTTATTACTGTCAGCAGGATTATAACTTACCTCC","GAAATTGTAATGACACAGTCTCCAGCCACCCTGTCTTTGTCTCCAGGGGAAAGAGCCACCCTCTCCTGCAGGGCCAGTCAGAGTGTTAGC...............AGCAGCTACTTATCCTGGTACCAGCAGAAACCTGGGCAGGCTCCCAGGCTCCTCATCTATGGTGCA.....................TCCACCAGGGCCACTGGCATCCCA...GCCAGGTTCAGTGGCAGTGGG......TCTGGGACAGACTTCACTCTCACCATCAGCAGCCTGCAGCCTGAAGATTTTGCAGTTTATTACTGTCAGCAGGATTATAACTTACCTCC"
"IGKV1D-8*01","94","","","","","","","","82.98","0.61","78","","100","5","58","5","57","","","GTCATCTGGATGACCCAGTCTCCATCCTTACTCTCTGCATCTACAGGAGACAGAGTCACCATCAGTTGTCGGATGAGTCAGGGCATTAGCAGTTATTTAGCCTGGTATCAGCAAAAACCAGGGAAAGCCCCTGAGCTCCTGATCTATGCTGCATCCACTTTGCAAAGTGGGGTCCCATCAAGGTTCAGTGGCAGTGGATCTGGGACAGATTTCACTCTCACCATCAGTTGCCTGCAGTCTGAAGATTTTGCAACTTATTACTGTCAACAGTATTATAGTTTCCCTCC","GTCATCTGGATGACCCAGTCTCCATCCTTACTCTCTGCATCTACAGGAGACAGAGTCACCATCAGTTGTCGGATGAGTCAGGGCATT..................AGCAGTTATTTAGCCTGGTATCAGCAAAAACCAGGGAAAGCCCCTGAGCTCCTGATCTATGCTGCA.....................TCCACTTTGCAAAGTGGGGTCCCA...TCAAGGTTCAGTGGCAGTGGA......TCTGGGACAGATTTCACTCTCACCATCAGTTGCCTGCAGTCTGAAGATTTTGCAACTTATTACTGTCAACAGTATTATAGTTTCCCTCC"
"IGKV3D-11*01","7","","","","","","","","85.71","0.05","6","","24","2","7","2","6","","","GAAATTGTGTTGACACAGTCTCCAGCCACCCTGTCTTTGTCTCCAGGGGAAAGAGCCACCCTCTCCTGCAGGGCCAGTCAGGGTGTTAGCAGCTACTTAGCCTGGTACCAGCAGAAACCTGGCCAGGCTCCCAGGCTCCTCATCTATGATGCATCCAACAGGGCCACTGGCATCCCAGCCAGGTTCAGTGGCAGTGGGCCTGGGACAGACTTCACTCTCACCATCAGCAGCCTAGAGCCTGAAGATTTTGCAGTTTATTACTGTCAGCAGCGTAGCAACTGGCATCC","GAAATTGTGTTGACACAGTCTCCAGCCACCCTGTCTTTGTCTCCAGGGGAAAGAGCCACCCTCTCCTGCAGGGCCAGTCAGGGTGTT..................AGCAGCTACTTAGCCTGGTACCAGCAGAAACCTGGCCAGGCTCCCAGGCTCCTCATCTATGATGCA.....................TCCAACAGGGCCACTGGCATCCCA...GCCAGGTTCAGTGGCAGTGGG......CCTGGGACAGACTTCACTCTCACCATCAGCAGCCTAGAGCCTGAAGATTTTGCAGTTTATTACTGTCAGCAGCGTAGCAACTGGCATCC"
"IGKV3D-11*02","22","","","","","","","","68.18","0.12","15","","76","5","18","4","15","","","GAAATTGTGTTGACACAGTCTCCAGCCACCCTGTCTTTGTCTCCAGGGGAAAGAGCCACCCTCTCCTGCAGGGCCAGTCAGAGTGTTAGCAGCTACTTAGCCTGGTACCAGCAGAAACCTGGCCAGGCTCCCAGGCTCCTCATCTATGATGCATCCAACAGGGCCACTGGCATCCCAGCCAGGTTCAGTGGCAGTGGGCCTGGGACAGACTTCACTCTCACCATCAGCAGCCTAGAGCCTGAAGATTTTGCAGTTTATTACTGTCAGCAGCGTAGCAACTGGCATCC","GAAATTGTGTTGACACAGTCTCCAGCCACCCTGTCTTTGTCTCCAGGGGAAAGAGCCACCCTCTCCTGCAGGGCCAGTCAGAGTGTT..................AGCAGCTACTTAGCCTGGTACCAGCAGAAACCTGGCCAGGCTCCCAGGCTCCTCATCTATGATGCA.....................TCCAACAGGGCCACTGGCATCCCA...GCCAGGTTCAGTGGCAGTGGG......CCTGGGACAGACTTCACTCTCACCATCAGCAGCCTAGAGCCTGAAGATTTTGCAGTTTATTACTGTCAGCAGCGTAGCAACTGGCATCC"
"IGKV3D-15*01","62","","","","","","","","75.81","0.37","47","","100","5","50","5","42","","","GAAATAGTGATGACGCAGTCTCCAGCCACCCTGTCTGTGTCTCCAGGGGAAAGAGCCACCCTCTCCTGCAGGGCCAGTCAGAGTGTTAGCAGCAACTTAGCCTGGTACCAGCAGAAACCTGGCCAGGCTCCCAGGCTCCTCATCTATGGTGCATCCACCAGGGCCACTGGCATCCCAGCCAGGTTCAGTGGCAGTGGGTCTGGGACAGAGTTCACTCTCACCATCAGCAGCCTGCAGTCTGAAGATTTTGCAGTTTATTACTGTCAGCAGTATAATAACTGGCCTCC","GAAATAGTGATGACGCAGTCTCCAGCCACCCTGTCTGTGTCTCCAGGGGAAAGAGCCACCCTCTCCTGCAGGGCCAGTCAGAGTGTT..................AGCAGCAACTTAGCCTGGTACCAGCAGAAACCTGGCCAGGCTCCCAGGCTCCTCATCTATGGTGCA.....................TCCACCAGGGCCACTGGCATCCCA...GCCAGGTTCAGTGGCAGTGGG......TCTGGGACAGAGTTCACTCTCACCATCAGCAGCCTGCAGTCTGAAGATTTTGCAGTTTATTACTGTCAGCAGTATAATAACTGGCCTCC"
"IGKV1D-16*01","34","","","","","","","","82.35","0.22","28","","100","5","27","5","25","","","GACATCCAGATGACCCAGTCTCCATCCTCACTGTCTGCATCTGTAGGAGACAGAGTCACCATCACTTGTCGGGCGAGTCAGGGTATTAGCAGCTGGTTAGCCTGGTATCAGCAGAAACCAGAGAAAGCCCCTAAGTCCCTGATCTATGCTGCATCCAGTTTGCAAAGTGGGGTCCCATCAAGGTTCAGCGGCAGTGGATCTGGGACAGATTTCACTCTCACCATCAGCAGCCTGCAGCCTGAAGATTTTGCAACTTATTACTGCCAACAGTATAATAGTTACCCTCC","GACATCCAGATGACCCAGTCTCCATCCTCACTGTCTGCATCTGTAGGAGACAGAGTCACCATCACTTGTCGGGCGAGTCAGGGTATT..................AGCAGCTGGTTAGCCTGGTATCAGCAGAAACCAGAGAAAGCCCCTAAGTCCCTGATCTATGCTGCA.....................TCCAGTTTGCAAAGTGGGGTCCCA...TCAAGGTTCAGCGGCAGTGGA......TCTGGGACAGATTTCACTCTCACCATCAGCAGCCTGCAGCCTGAAGATTTTGCAACTTATTACTGCCAACAGTATAATAGTTACCCTCC"
"IGKV3D-20*01","93","","","","","","","","65.59","0.48","61","","100","5","70","5","55","","","GAAATTGTGTTGACGCAGTCTCCAGCCACCCTGTCTTTGTCTCCAGGGGAAAGAGCCACCCTCTCCTGCGGGGCCAGTCAGAGTGTTAGCAGCAGCTACTTAGCCTGGTACCAGCAGAAACCTGGCCTGGCGCCCAGGCTCCTCATCTATGATGCATCCAGCAGGGCCACTGGCATCCCAGACAGGTTCAGTGGCAGTGGGTCTGGGACAGACTTCACTCTCACCATCAGCAGACTGGAGCCTGAAGATTTTGCAGTGTATTACTGTCAGCAGTATGGTAGCTCACCTCC","GAAATTGTGTTGACGCAGTCTCCAGCCACCCTGTCTTTGTCTCCAGGGGAAAGAGCCACCCTCTCCTGCGGGGCCAGTCAGAGTGTTAGC...............AGCAGCTACTTAGCCTGGTACCAGCAGAAACCTGGCCTGGCGCCCAGGCTCCTCATCTATGATGCA.....................TCCAGCAGGGCCACTGGCATCCCA...GACAGGTTCAGTGGCAGTGGG......TCTGGGACAGACTTCACTCTCACCATCAGCAGACTGGAGCCTGAAGATTTTGCAGTGTATTACTGTCAGCAGTATGGTAGCTCACCTCC"
"IGKV2D-24*01","6","","","","","","","","83.33","0.04","5","","100","3","6","3","5","","","GATATTGTGATGACCCAGACTCCACTCTCCTCGCCTGTCACCCTTGGACAGCCGGCCTCCATCTCCTTCAGGTCTAGTCAAAGCCTCGTACACAGTGATGGAAACACCTACTTGAGTTGGCTTCAGCAGAGGCCAGGCCAGCCTCCAAGACTCCTAATTTATAAGGTTTCTAACCGGTTCTCTGGGGTCCCAGACAGATTCAGTGGCAGTGGGGCAGGGACAGATTTCACACTGAAAATCAGCAGGGTGGAAGCTGAGGATGTCGGGGTTTATTACTGCACGCAAGCTACACAATTTCCTCA","GATATTGTGATGACCCAGACTCCACTCTCCTCGCCTGTCACCCTTGGACAGCCGGCCTCCATCTCCTTCAGGTCTAGTCAAAGCCTCGTACACAGT...GATGGAAACACCTACTTGAGTTGGCTTCAGCAGAGGCCAGGCCAGCCTCCAAGACTCCTAATTTATAAGGTT.....................TCTAACCGGTTCTCTGGGGTCCCA...GACAGATTCAGTGGCAGTGGG......GCAGGGACAGATTTCACACTGAAAATCAGCAGGGTGGAAGCTGAGGATGTCGGGGTTTATTACTGCACGCAAGCTACACAATTTCCTCA"
"IGKV2D-26*03","22","","","","","","","","50","0.09","11","","100","5","19","4","10","","","GAGATTGTGATGACCCAGACTCCACTCTCCTTGTCTATCACCCCTGGAGAGCAGGCCTCCATGTCCTGCAGGTCTAGTCAGAGCCTCCTGCATAGTGATGGATACACCTATTTGTATTGGTTTCTGCAGAAAGCCAGGCCAGTCTCCACGCTCCTGATCTATGAAGTTTCCAACCGGTTCTCTGGAGTGCCAGATAGGTTCAGTGGCAGCGGGTCAGGGACAGATTTCACACTGAAAATCAGCCGGGTGGAGGCTGAGGATTTTGGAGTTTATTACTGCATGCAAGATGCACAAGATCCTCC","GAGATTGTGATGACCCAGACTCCACTCTCCTTGTCTATCACCCCTGGAGAGCAGGCCTCCATGTCCTGCAGGTCTAGTCAGAGCCTCCTGCATAGT...GATGGATACACCTATTTGTATTGGTTTCTGCAGAAAGCCAGGCCAGTCTCCACGCTCCTGATCTATGAAGTT.....................TCCAACCGGTTCTCTGGAGTGCCA...GATAGGTTCAGTGGCAGCGGG......TCAGGGACAGATTTCACACTGAAAATCAGCCGGGTGGAGGCTGAGGATTTTGGAGTTTATTACTGCATGCAAGATGCACAAGATCCTCC"
"IGKV2D-29*01","153","","","","","","","","86.93","1.05","133","","56","5","127","5","120","","","GATATTGTGATGACCCAGACTCCACTCTCTCTGTCCGTCACCCCTGGACAGCCGGCCTCCATCTCCTGCAAGTCTAGTCAGAGCCTCCTGCATAGTGATGGAAAGACCTATTTGTATTGGTACCTGCAGAAGCCAGGCCAGCCTCCACAGCTCCTGATCTATGAAGTTTCCAACCGGTTCTCTGGAGTGCCAGATAGGTTCAGTGGCAGCGGGTCAGGGACAGATTTCACACTGAAAATCAGCCGGGTGGAGGCTGAGGATGTTGGGGTTTATTACTGCATGCAAAGTATACAGCTTCCTCC","GATATTGTGATGACCCAGACTCCACTCTCTCTGTCCGTCACCCCTGGACAGCCGGCCTCCATCTCCTGCAAGTCTAGTCAGAGCCTCCTGCATAGT...GATGGAAAGACCTATTTGTATTGGTACCTGCAGAAGCCAGGCCAGCCTCCACAGCTCCTGATCTATGAAGTT.....................TCCAACCGGTTCTCTGGAGTGCCA...GATAGGTTCAGTGGCAGCGGG......TCAGGGACAGATTTCACACTGAAAATCAGCCGGGTGGAGGCTGAGGATGTTGGGGTTTATTACTGCATGCAAAGTATACAGCTTCCTCC"
"IGKV2D-29*02","119","","","","","","","","84.87","0.8","101","","44","5","95","5","90","","","GATATTGTGATGACCCAGACTCCACTCTCTCTGTCCGTCACCCCTGGACAGCCGGCCTCCATCTCCTGCAAGTCTAGTCAGAGCCTCCTGCATAGTGATGGAAAGACCTATTTGTATTGGTACCTGCAGAAGCCAGGCCAGTCTCCACAGCTCCTGATCTATGAAGTTTCCAACCGGTTCTCTGGAGTGCCAGATAGGTTCAGTGGCAGCGGGTCAGGGACAGATTTCACACTGAAAATCAGCCGGGTGGAGGCTGAGGATGTTGGGGTTTATTACTGCATGCAAAGTATACAGCTTCCTCC","GATATTGTGATGACCCAGACTCCACTCTCTCTGTCCGTCACCCCTGGACAGCCGGCCTCCATCTCCTGCAAGTCTAGTCAGAGCCTCCTGCATAGT...GATGGAAAGACCTATTTGTATTGGTACCTGCAGAAGCCAGGCCAGTCTCCACAGCTCCTGATCTATGAAGTT.....................TCCAACCGGTTCTCTGGAGTGCCA...GATAGGTTCAGTGGCAGCGGG......TCAGGGACAGATTTCACACTGAAAATCAGCCGGGTGGAGGCTGAGGATGTTGGGGTTTATTACTGCATGCAAAGTATACAGCTTCCTCC"
"IGKV2D-30*01","32","","","","","","","","90.62","0.23","29","","100","4","27","4","26","","","GATGTTGTGATGACTCAGTCTCCACTCTCCCTGCCCGTCACCCTTGGACAGCCGGCCTCCATCTCCTGCAGGTCTAGTCAAAGCCTCGTATACAGTGATGGAAACACCTACTTGAATTGGTTTCAGCAGAGGCCAGGCCAATCTCCAAGGCGCCTAATTTATAAGGTTTCTAACTGGGACTCTGGGGTCCCAGACAGATTCAGCGGCAGTGGGTCAGGCACTGATTTCACACTGAAAATCAGCAGGGTGGAGGCTGAGGATGTTGGGGTTTATTACTGCATGCAAGGTACACACTGGCCTCC","GATGTTGTGATGACTCAGTCTCCACTCTCCCTGCCCGTCACCCTTGGACAGCCGGCCTCCATCTCCTGCAGGTCTAGTCAAAGCCTCGTATACAGT...GATGGAAACACCTACTTGAATTGGTTTCAGCAGAGGCCAGGCCAATCTCCAAGGCGCCTAATTTATAAGGTT.....................TCTAACTGGGACTCTGGGGTCCCA...GACAGATTCAGCGGCAGTGGG......TCAGGCACTGATTTCACACTGAAAATCAGCAGGGTGGAGGCTGAGGATGTTGGGGTTTATTACTGCATGCAAGGTACACACTGGCCTCC"
"IGKV6D-41*01","1","","","","","","","","100","0.01","1","","100","1","1","1","1","","","GATGTTGTGATGACACAGTCTCCAGCTTTCCTCTCTGTGACTCCAGGGGAGAAAGTCACCATCACCTGCCAGGCCAGTGAAGGCATTGGCAACTACTTATACTGGTACCAGCAGAAACCAGATCAAGCCCCAAAGCTCCTCATCAAGTATGCTTCCCAGTCCATCTCAGGGGTCCCCTCGAGGTTCAGTGGCAGTGGATCTGGGACAGATTTCACCTTTACCATCAGTAGCCTGGAAGCTGAAGATGCTGCAACATATTACTGTCAGCAGGGCAATAAGCACCCTCA","GATGTTGTGATGACACAGTCTCCAGCTTTCCTCTCTGTGACTCCAGGGGAGAAAGTCACCATCACCTGCCAGGCCAGTGAAGGCATT..................GGCAACTACTTATACTGGTACCAGCAGAAACCAGATCAAGCCCCAAAGCTCCTCATCAAGTATGCT.....................TCCCAGTCCATCTCAGGGGTCCCC...TCGAGGTTCAGTGGCAGTGGA......TCTGGGACAGATTTCACCTTTACCATCAGTAGCCTGGAAGCTGAAGATGCTGCAACATATTACTGTCAGCAGGGCAATAAGCACCCTCA"
"IGKV1D-43*01","37","","","","","","","","94.59","0.28","35","","100","5","36","5","34","","","GCCATCCGGATGACCCAGTCTCCATTCTCCCTGTCTGCATCTGTAGGAGACAGAGTCACCATCACTTGCTGGGCCAGTCAGGGCATTAGCAGTTATTTAGCCTGGTATCAGCAAAAACCAGCAAAAGCCCCTAAGCTCTTCATCTATTATGCATCCAGTTTGCAAAGTGGGGTCCCATCAAGGTTCAGCGGCAGTGGATCTGGGACGGATTACACTCTCACCATCAGCAGCCTGCAGCCTGAAGATTTTGCAACTTATTACTGTCAACAGTATTATAGTACCCCTCC","GCCATCCGGATGACCCAGTCTCCATTCTCCCTGTCTGCATCTGTAGGAGACAGAGTCACCATCACTTGCTGGGCCAGTCAGGGCATT..................AGCAGTTATTTAGCCTGGTATCAGCAAAAACCAGCAAAAGCCCCTAAGCTCTTCATCTATTATGCA.....................TCCAGTTTGCAAAGTGGGGTCCCA...TCAAGGTTCAGCGGCAGTGGA......TCTGGGACGGATTACACTCTCACCATCAGCAGCCTGCAGCCTGAAGATTTTGCAACTTATTACTGTCAACAGTATTATAGTACCCCTCC"
"IGKV1E-12*01","120","","","","","","","","80","0.76","96","","42","5","80","5","70","","","GACATCCAGATGACCCAGTCTCCATCTTCCGTGTCTGCATCTGTAGGAGACAGAGTCACCATCACTTGTCGGGCGAGTCAGGGTATTAGCAGCTGGTTAGCCTGGTATCAGCAGAAACCAGGGAAAGCCCCTAAGCTCCTGATCTATGCTGCATCCAGTTTGCAAAGTGGGGTCCCATCAAGGTTCAGCGGCAGTGGATCTGGGACAGATTTCACTCTCACCATCAGCAGCCTGCAGCCTGAAGATTTTGCAACTTACTATTGTCAACAGGCTAACAGTTTCCCTCC","GACATCCAGATGACCCAGTCTCCATCTTCCGTGTCTGCATCTGTAGGAGACAGAGTCACCATCACTTGTCGGGCGAGTCAGGGTATT..................AGCAGCTGGTTAGCCTGGTATCAGCAGAAACCAGGGAAAGCCCCTAAGCTCCTGATCTATGCTGCA.....................TCCAGTTTGCAAAGTGGGGTCCCA...TCAAGGTTCAGCGGCAGTGGA......TCTGGGACAGATTTCACTCTCACCATCAGCAGCCTGCAGCCTGAAGATTTTGCAACTTACTATTGTCAACAGGCTAACAGTTTCCCTCC"
"IGKV1E-12*02","29","","","","","","","","68.97","0.16","20","","10","5","21","5","19","","","GACATCCAGATGACCCAGTCTCCATCTTCCGTGTCTGCATCTGTAGGAGACAGAGTCACCATCACTTGTCGGGCGAGTCAGGGTATTAGCAGCTGGTTAGCCTGGTATCAGCAGAAACCAGGGAAAGCCCCTAAGCTCCTGATCTATGCTGCATCCAGTTTGCAAAGTGGGGTCCCATCAAGGTTCAGCGGCAGTGGATCTGGGACAGATTTCACTCTCACCATCAGCAGCCTGCAGCCTGAAGATTTTGCAACTTACTATTGTCAACAGGCTAACAGTTTCCCTTC","GACATCCAGATGACCCAGTCTCCATCTTCCGTGTCTGCATCTGTAGGAGACAGAGTCACCATCACTTGTCGGGCGAGTCAGGGTATT..................AGCAGCTGGTTAGCCTGGTATCAGCAGAAACCAGGGAAAGCCCCTAAGCTCCTGATCTATGCTGCA.....................TCCAGTTTGCAAAGTGGGGTCCCA...TCAAGGTTCAGCGGCAGTGGA......TCTGGGACAGATTTCACTCTCACCATCAGCAGCCTGCAGCCTGAAGATTTTGCAACTTACTATTGTCAACAGGCTAACAGTTTCCCTTC"
"IGKV1E-12*03","137","","","","","","","","83.94","0.91","115","","48","5","90","5","88","","","GACATCCAGATGACCCAGTCTCCATCTTCTGTGTCTGCATCTGTAGGAGACAGAGTCACCATCACTTGTCGGGCGAGTCAGGGTATTAGCAGCTGGTTAGCCTGGTATCAGCAGAAACCAGGGAAAGCCCCTAAGCTCCTGATCTATGCTGCATCCAGTTTGCAAAGTGGGGTCCCATCAAGGTTCAGCGGCAGTGGATCTGGGACAGATTTCACTCTCACTATCAGCAGCCTGCAGCCTGAAGATTTTGCAACTTACTATTGTCAACAGGCTAACAGTTTCCCTCC","GACATCCAGATGACCCAGTCTCCATCTTCTGTGTCTGCATCTGTAGGAGACAGAGTCACCATCACTTGTCGGGCGAGTCAGGGTATT..................AGCAGCTGGTTAGCCTGGTATCAGCAGAAACCAGGGAAAGCCCCTAAGCTCCTGATCTATGCTGCA.....................TCCAGTTTGCAAAGTGGGGTCCCA...TCAAGGTTCAGCGGCAGTGGA......TCTGGGACAGATTTCACTCTCACTATCAGCAGCCTGCAGCCTGAAGATTTTGCAACTTACTATTGTCAACAGGCTAACAGTTTCCCTCC"
"IGKV1E-13*02","16","","","","","","","","93.75","0.12","15","","21","5","13","5","13","","","GCCATCCAGTTGACCCAGTCTCCATCCTCCCTGTCTGCATCTGTAGGAGACAGAGTCACCATCACTTGCCGGGCAAGTCAGGGCATTAGCAGTGCTTTAGCCTGGTATCAGCAGAAACCAGGGAAAGCTCCTAAGCTCCTGATCTATGATGCCTCCAGTTTGGAAAGTGGGGTCCCATCAAGGTTCAGCGGCAGTGGATCTGGGACAGATTTCACTCTCACCATCAGCAGCCTGCAGCCTGAAGATTTTGCAACTTATTACTGTCAACAGTTTAATAGTTACCCTCA","GCCATCCAGTTGACCCAGTCTCCATCCTCCCTGTCTGCATCTGTAGGAGACAGAGTCACCATCACTTGCCGGGCAAGTCAGGGCATT..................AGCAGTGCTTTAGCCTGGTATCAGCAGAAACCAGGGAAAGCTCCTAAGCTCCTGATCTATGATGCC.....................TCCAGTTTGGAAAGTGGGGTCCCA...TCAAGGTTCAGCGGCAGTGGA......TCTGGGACAGATTTCACTCTCACCATCAGCAGCCTGCAGCCTGAAGATTTTGCAACTTATTACTGTCAACAGTTTAATAGTTACCCTCA"
"IGKV1E-13*03","60","","","","","","","","90","0.43","54","","79","5","50","5","47","","","GCCATCCAGTTGACCCAGTCTCCATCCTCCCTGTCTGCATCTGTAGGAGACAGAGTCACCATCACTTGCCGGGCAAGTCAGGGCATTAGCAGTGCTTTAGCCTGGTATCAGCAGAAACCAGGGAAAGCTCCTAAGCTCCTGATCTATGATGCCTCCAGTTTGGAAAGTGGGGTCCCATCAAGGTTCAGCGGCAGTGGATCTGGGACAGATTTCACTCTCACCATCAGCAGCCTGCAGCCTGAAGATTTTGCAACTTATTACTGTCAACAGTTTAATAATTACCCTCA","GCCATCCAGTTGACCCAGTCTCCATCCTCCCTGTCTGCATCTGTAGGAGACAGAGTCACCATCACTTGCCGGGCAAGTCAGGGCATT..................AGCAGTGCTTTAGCCTGGTATCAGCAGAAACCAGGGAAAGCTCCTAAGCTCCTGATCTATGATGCC.....................TCCAGTTTGGAAAGTGGGGTCCCA...TCAAGGTTCAGCGGCAGTGGA......TCTGGGACAGATTTCACTCTCACCATCAGCAGCCTGCAGCCTGAAGATTTTGCAACTTATTACTGTCAACAGTTTAATAATTACCCTCA"
"IGKV6E-21*01","21","","","","","","","","76.19","0.13","16","","20","5","17","3","14","","","GAAATTGTGCTGACTCAGTCTCCAGACTTTCAGTCTGTGACTCCAAAGGAGAAAGTCACCATCACCTGCCGGGCCAGTCAGAGCATTGGTAGTAGCTTACACTGGTACCAGCAGAAACCAGATCAGTCTCCAAAGCTCCTCATCAAGTATGCTTCCCAGTCCTTCTCAGGGGTCCCCTCGAGGTTCAGTGGCAGTGGATCTGGGACAGATTTCACCCTCACCATCAATAGCCTGGAAGCTGAAGATGCTGCAACGTATTACTGTCATCAGAGTAGTAGTTTACCTCA","GAAATTGTGCTGACTCAGTCTCCAGACTTTCAGTCTGTGACTCCAAAGGAGAAAGTCACCATCACCTGCCGGGCCAGTCAGAGCATT..................GGTAGTAGCTTACACTGGTACCAGCAGAAACCAGATCAGTCTCCAAAGCTCCTCATCAAGTATGCT.....................TCCCAGTCCTTCTCAGGGGTCCCC...TCGAGGTTCAGTGGCAGTGGA......TCTGGGACAGATTTCACCCTCACCATCAATAGCCTGGAAGCTGAAGATGCTGCAACGTATTACTGTCATCAGAGTAGTAGTTTACCTCA"
"IGKV6E-21*02","55","","","","","","","","81.82","0.35","45","","53","5","43","5","40","","","GAAATTGTGCTGACTCAGTCTCCAGACTTTCAGTCTGTGACTCCAAAGGAGAAAGTCACCATCACCTGCCGGGCCAGTCAGAGCATTGGTAGTAGCTTACACTGGTACCAGCAGAAACCAGATCAGTCTCCAAAGCTCCTCATCAAGTATGCTTCCCAGTCCATCTCAGGGGTCCCCTCGAGGTTCAGTGGCAGTGGATCTGGGACAGATTTCACCCTCACCATCAATAGCCTGGAAGCTGAAGATGCTGCAACGTATTACTGTCATCAGAGTAGTAGTTTACCTCA","GAAATTGTGCTGACTCAGTCTCCAGACTTTCAGTCTGTGACTCCAAAGGAGAAAGTCACCATCACCTGCCGGGCCAGTCAGAGCATT..................GGTAGTAGCTTACACTGGTACCAGCAGAAACCAGATCAGTCTCCAAAGCTCCTCATCAAGTATGCT.....................TCCCAGTCCATCTCAGGGGTCCCC...TCGAGGTTCAGTGGCAGTGGA......TCTGGGACAGATTTCACCCTCACCATCAATAGCCTGGAAGCTGAAGATGCTGCAACGTATTACTGTCATCAGAGTAGTAGTTTACCTCA"
"IGKV6E-21*03","28","","","","","","","","75","0.17","21","","27","5","25","5","20","","","GAAATTGTGCTGACTCAGTCTCCAGACTTTCAGTCTGTGACTCCAAAGGAGAAAGTCACCATCACCTGCCGGGCCAGTCAGAGCATTGGTAGTAGCTTACACTGGTACCAGCAGAAACCAGATCAGTCTCCAAAGCTCCTCATCAAGTATGCTTCCCAGTCCATCTCAGGGGTCCCCTCGAGGTTCAGTGGCAGTGGATCTGGGACAGATTTCACCCTCACCATCAATAGCCTGGAAGCTGAAGATGCTGCAGCGTATTACTGTCATCAGAGTAGTAGTTTACCTCA","GAAATTGTGCTGACTCAGTCTCCAGACTTTCAGTCTGTGACTCCAAAGGAGAAAGTCACCATCACCTGCCGGGCCAGTCAGAGCATT..................GGTAGTAGCTTACACTGGTACCAGCAGAAACCAGATCAGTCTCCAAAGCTCCTCATCAAGTATGCT.....................TCCCAGTCCATCTCAGGGGTCCCC...TCGAGGTTCAGTGGCAGTGGA......TCTGGGACAGATTTCACCCTCACCATCAATAGCCTGGAAGCTGAAGATGCTGCAGCGTATTACTGTCATCAGAGTAGTAGTTTACCTCA"
"IGKV2E-28*01","1398","","","","","","","","75.18","8.28","1051","","100","5","840","5","765","","","GATATTGTGATGACTCAGTCTCCACTCTCCCTGCCCGTCACCCCTGGAGAGCCGGCCTCCATCTCCTGCAGGTCTAGTCAGAGCCTCCTGCATAGTAATGGATACAACTATTTGGATTGGTACCTGCAGAAGCCAGGGCAGTCTCCACAGCTCCTGATCTATTTGGGTTCTAATCGGGCCTCCGGGGTCCCTGACAGGTTCAGTGGCAGTGGATCAGGCACAGATTTTACACTGAAAATCAGCAGAGTGGAGGCTGAGGATGTTGGGGTTTATTACTGCATGCAAGCTCTACAAACTCCTCC","GATATTGTGATGACTCAGTCTCCACTCTCCCTGCCCGTCACCCCTGGAGAGCCGGCCTCCATCTCCTGCAGGTCTAGTCAGAGCCTCCTGCATAGT...AATGGATACAACTATTTGGATTGGTACCTGCAGAAGCCAGGGCAGTCTCCACAGCTCCTGATCTATTTGGGT.....................TCTAATCGGGCCTCCGGGGTCCCT...GACAGGTTCAGTGGCAGTGGA......TCAGGCACAGATTTTACACTGAAAATCAGCAGAGTGGAGGCTGAGGATGTTGGGGTTTATTACTGCATGCAAGCTCTACAAACTCCTCC"
"IGKV1E-33*01","1288","","","","","","","","81.99","8.32","1056","","100","5","824","5","782","","","GACATCCAGATGACCCAGTCTCCATCCTCCCTGTCTGCATCTGTAGGAGACAGAGTCACCATCACTTGCCAGGCGAGTCAGGACATTAGCAACTATTTAAATTGGTATCAGCAGAAACCAGGGAAAGCCCCTAAGCTCCTGATCTACGATGCATCCAATTTGGAAACAGGGGTCCCATCAAGGTTCAGTGGAAGTGGATCTGGGACAGATTTTACTTTCACCATCAGCAGCCTGCAGCCTGAAGATATTGCAACATATTACTGTCAACAGTATGATAATCTCCCTCC","GACATCCAGATGACCCAGTCTCCATCCTCCCTGTCTGCATCTGTAGGAGACAGAGTCACCATCACTTGCCAGGCGAGTCAGGACATT..................AGCAACTATTTAAATTGGTATCAGCAGAAACCAGGGAAAGCCCCTAAGCTCCTGATCTACGATGCA.....................TCCAATTTGGAAACAGGGGTCCCA...TCAAGGTTCAGTGGAAGTGGA......TCTGGGACAGATTTTACTTTCACCATCAGCAGCCTGCAGCCTGAAGATATTGCAACATATTACTGTCAACAGTATGATAATCTCCCTCC"
"IGKV1E-37*01","49","","","","","","","","87.76","0.34","43","","100","5","44","5","41","","","GACATCCAGTTGACCCAGTCTCCATCCTCCCTGTCTGCATCTGTAGGAGACAGAGTCACCATCACTTGCCGGGTGAGTCAGGGCATTAGCAGTTATTTAAATTGGTATCGGCAGAAACCAGGGAAAGTTCCTAAGCTCCTGATCTATAGTGCATCCAATTTGCAATCTGGAGTCCCATCTCGGTTCAGTGGCAGTGGATCTGGGACAGATTTCACTCTCACTATCAGCAGCCTGCAGCCTGAAGATGTTGCAACTTATTACGGTCAACGGACTTACAATGCCCCTCC","GACATCCAGTTGACCCAGTCTCCATCCTCCCTGTCTGCATCTGTAGGAGACAGAGTCACCATCACTTGCCGGGTGAGTCAGGGCATT..................AGCAGTTATTTAAATTGGTATCGGCAGAAACCAGGGAAAGTTCCTAAGCTCCTGATCTATAGTGCA.....................TCCAATTTGCAATCTGGAGTCCCA...TCTCGGTTCAGTGGCAGTGGA......TCTGGGACAGATTTCACTCTCACTATCAGCAGCCTGCAGCCTGAAGATGTTGCAACTTATTACGGTCAACGGACTTACAATGCCCCTCC"
"IGKV1E-39*01","1963","","","","","","","","73.76","11.41","1448","","100","5","1080","5","1003","","","GACATCCAGATGACCCAGTCTCCATCCTCCCTGTCTGCATCTGTAGGAGACAGAGTCACCATCACTTGCCGGGCAAGTCAGAGCATTAGCAGCTATTTAAATTGGTATCAGCAGAAACCAGGGAAAGCCCCTAAGCTCCTGATCTATGCTGCATCCAGTTTGCAAAGTGGGGTCCCATCAAGGTTCAGTGGCAGTGGATCTGGGACAGATTTCACTCTCACCATCAGCAGTCTGCAACCTGAAGATTTTGCAACTTACTACTGTCAACAGAGTTACAGTACCCCTCC","GACATCCAGATGACCCAGTCTCCATCCTCCCTGTCTGCATCTGTAGGAGACAGAGTCACCATCACTTGCCGGGCAAGTCAGAGCATT..................AGCAGCTATTTAAATTGGTATCAGCAGAAACCAGGGAAAGCCCCTAAGCTCCTGATCTATGCTGCA.....................TCCAGTTTGCAAAGTGGGGTCCCA...TCAAGGTTCAGTGGCAGTGGA......TCTGGGACAGATTTCACTCTCACCATCAGCAGTCTGCAACCTGAAGATTTTGCAACTTACTACTGTCAACAGAGTTACAGTACCCCTCC"
"IGKV2E-40*01","87","","","","","","","","74.71","0.51","65","","100","5","62","5","57","","","GATATTGTGATGACCCAGACTCCACTCTCCCTGCCCGTCACCCCTGGAGAGCCGGCCTCCATCTCCTGCAGGTCTAGTCAGAGCCTCTTGGATAGTGATGATGGAAACACCTATTTGGACTGGTACCTGCAGAAGCCAGGGCAGTCTCCACAGCTCCTGATCTATACGCTTTCCTATCGGGCCTCTGGAGTCCCAGACAGGTTCAGTGGCAGTGGGTCAGGCACTGATTTCACACTGAAAATCAGCAGGGTGGAGGCTGAGGATGTTGGAGTTTATTACTGCATGCAACGTATAGAGTTTCCTTC","GATATTGTGATGACCCAGACTCCACTCTCCCTGCCCGTCACCCCTGGAGAGCCGGCCTCCATCTCCTGCAGGTCTAGTCAGAGCCTCTTGGATAGTGATGATGGAAACACCTATTTGGACTGGTACCTGCAGAAGCCAGGGCAGTCTCCACAGCTCCTGATCTATACGCTT.....................TCCTATCGGGCCTCTGGAGTCCCA...GACAGGTTCAGTGGCAGTGGG......TCAGGCACTGATTTCACACTGAAAATCAGCAGGGTGGAGGCTGAGGATGTTGGAGTTTATTACTGCATGCAACGTATAGAGTTTCCTTC"
