"gene"	"alleles"	"counts"	"total"	"note"	"kh"	"kd"	"kt"	"kq"	"k_diff"	"GENOTYPED_ALLELES"	"Freq_by_Clone"	"Freq_by_Seq"
"IGLV1-36"	"01"	"89"	"89"	""	"4.74570679816976"	"-14.7445401525272"	"-30.101132220429"	"-47.7062674990826"	"19.4902469506969"	"01"	"55"	"55"
"IGLV1-40"	"01,03EXT5,02"	"701,1,0"	"702"	""	"0.460933047171905"	"-151.439351775193"	"-272.450563913159"	"-1000"	"151.900284822365"	"01"	"702"	"702"
"IGLV1-41"	"01,02"	"6,0"	"6"	""	"2.6261587433487"	"1.31220951071744"	"0.276933640971256"	"-0.909929411522249"	"1.31394923263125"	"01"	"6"	"6"
"IGLV1-44"	"01"	"465"	"465"	""	"2.09688468532627"	"-99.7341808435959"	"-179.968060748925"	"-271.949947317172"	"101.831065528922"	"01"	"431"	"431"
"IGLV1-47"	"01,02,03"	"288,1,0"	"289"	""	"4.17449227314345"	"-57.282287036437"	"-107.032010140207"	"-164.142765812691"	"61.4567793095804"	"01"	"287"	"287"
"IGLV1-51"	"01,02"	"247,0"	"247"	""	"4.04873555410798"	"-50.0421745225453"	"-92.6610311604301"	"-141.520226821413"	"54.0909100766533"	"01"	"247"	"247"
"IGLV10-54"	"01,03"	"14,0"	"14"	""	"3.43269264586395"	"0.366811103057692"	"-2.04883259301675"	"-4.81817971550159"	"3.06588154280626"	"01"	"14"	"14"
"IGLV2-5"	"01,02"	"1,1"	"1"	""	"0.0494359412327069"	"1.44322825918057"	"1.21420092493709"	"0.8750612633917"	"0.22902733424348"	"01,02"	"0;0"	"0;0"
"IGLV2-8"	"01,02,03EXT3"	"211,0,0"	"211"	""	"4.30290451381156"	"-41.9043101670542"	"-78.3115115864618"	"-120.049528932483"	"46.2072146808658"	"01"	"211"	"211"
"IGLV2-11"	"01,03EXT3,02"	"300,8,0"	"308"	""	"2.78730367808514"	"-50.0078870997197"	"-102.223531434649"	"-162.697317281696"	"52.7951907778048"	"01"	"308"	"308"
"IGLV2-14"	"03EXT3,04EXT3,01,02"	"516,500,2,2"	"1021"	""	"-1000"	"-5.10354825726895"	"-119.548004335724"	"-289.452856552458"	"114.444456078455"	"03EXT3,04EXT3"	"447;490"	"447;490"
"IGLV2-18"	"02,03,04"	"42,0,0"	"42"	""	"4.39623109416334"	"-4.80141353425543"	"-12.0483446224788"	"-20.3563859899333"	"9.19764462841878"	"02"	"41"	"41"
"IGLV2-23"	"03EXT5,01,02EXT5"	"350,60,1"	"411"	""	"-44.1524674542941"	"-24.0324746212665"	"-86.3974750323035"	"-164.110902262213"	"20.1199928330277"	"03EXT5,01"	"75;12"	"75;12"
"IGLV3-1"	"01"	"422"	"422"	""	"2.51764570620791"	"-89.8967836555236"	"-162.711186494339"	"-246.187221186382"	"92.4144293617315"	"01"	"422"	"422"
"IGLV3-9"	"01EXT5,02"	"64,0"	"64"	""	"4.64496630185274"	"-9.3704921795473"	"-20.4134347901733"	"-33.073307350104"	"14.0154584814"	"01EXT5"	"64"	"64"
"IGLV3-10"	"01"	"103"	"103"	""	"4.75419605547129"	"-17.8019324380319"	"-35.5741682020081"	"-55.9486506031466"	"22.5561284935032"	"01"	"103"	"103"
"IGLV3-12"	"02"	"1"	"1"	""	"1.36749927619547"	"1.14850773742359"	"0.975961759132561"	"0.778151250383644"	"0.218991538771876"	"02"	"1"	"1"
"IGLV3-16"	"01"	"46"	"46"	""	"4.45878476159748"	"-5.6148260219088"	"-13.5519410232962"	"-22.6512244257465"	"10.0736107835063"	"01"	"46"	"46"
"IGLV3-19"	"01,02"	"417,1"	"418"	""	"3.17299873144679"	"-86.5336890797056"	"-158.541843383018"	"-241.170154684113"	"89.7066878111524"	"01"	"418"	"418"
"IGLV3-21"	"03,04,01,02"	"308,222,0,0"	"530"	""	"-288.471339549444"	"2.11728270059926"	"-63.5657396344819"	"-155.866448249965"	"65.6830223350812"	"03,04"	"274;198"	"274;198"
"IGLV3-22"	"01"	"17"	"17"	""	"3.61895268794577"	"-0.103903471176112"	"-3.03718510212365"	"-6.39996375085525"	"3.72285615912189"	"01"	"17"	"17"
"IGLV3-25"	"02,03,01"	"285,1,0"	"286"	""	"4.19459474898087"	"-56.6052099442839"	"-105.83729511318"	"-162.354619259418"	"60.7998046932648"	"02"	"286"	"286"
"IGLV3-27"	"01"	"40"	"40"	""	"4.36102298205172"	"-4.39863856882331"	"-11.3004777004646"	"-19.2128980504213"	"8.75966155087503"	"01"	"40"	"40"
"IGLV4-3"	"01"	"1"	"1"	""	"1.36749927619547"	"1.14850773742359"	"0.975961759132561"	"0.778151250383644"	"0.218991538771876"	"01"	"1"	"1"
"IGLV4-60"	"03EXT5"	"31"	"31"	""	"4.16107190423977"	"-2.62766579768837"	"-7.97659112471034"	"-14.1087168959268"	"6.78873770192814"	"03EXT5"	"31"	"31"
"IGLV4-69"	"01,02"	"117,0"	"117"	""	"4.73931024935818"	"-20.8826997869513"	"-41.0705792470019"	"-64.2144087706253"	"25.6220100363094"	"01"	"117"	"117"
"IGLV5-37"	"01"	"8"	"8"	""	"2.89393947046845"	"1.14200716029344"	"-0.238360666034807"	"-1.82084473602615"	"1.751932310175"	"01"	"8"	"8"
"IGLV5-39"	"01"	"5"	"5"	""	"2.46277944980916"	"1.36782175594978"	"0.50509186449462"	"-0.483960679249968"	"1.09495769385938"	"01"	"5"	"5"
"IGLV5-45"	"02,01,03"	"25,0,0"	"25"	""	"3.97569600556859"	"-1.4990924637283"	"-5.81274192100409"	"-10.758004639727"	"5.47478846929689"	"02"	"25"	"25"
"IGLV5-48"	"01"	"1"	"1"	""	"1.36749927619547"	"1.14850773742359"	"0.975961759132561"	"0.778151250383644"	"0.218991538771876"	"01"	"1"	"1"
"IGLV5-52"	"01"	"7"	"7"	""	"2.76834873781831"	"1.23540796641518"	"0.0275861183779563"	"-1.35708744286447"	"1.53294077140313"	"01"	"7"	"7"
"IGLV6-57"	"03,02,01"	"199,4,0"	"203"	""	"4.17429897267692"	"-32.9538818160474"	"-67.5164569197724"	"-107.446064771993"	"37.1281807887243"	"03"	"203"	"203"
"IGLV7-43"	"01"	"87"	"87"	""	"4.7421741883304"	"-14.3100896848228"	"-29.3215897961425"	"-46.5311040572983"	"19.0522638731532"	"01"	"87"	"87"
"IGLV7-46"	"01,02"	"122,0"	"122"	""	"4.72937701664091"	"-21.9875907135279"	"-43.0382000650337"	"-67.1710821324017"	"26.7169677301688"	"01"	"122"	"122"
"IGLV8-61"	"01,02,03EXT5EXT3"	"58,0,0"	"58"	""	"4.59703909710057"	"-8.10447015166822"	"-18.112136892548"	"-29.5851463999853"	"12.7015092487688"	"01"	"58"	"58"
"IGLV9-49"	"01,03"	"34,0"	"34"	""	"4.23636544163587"	"-3.2093468766079"	"-9.07591013850297"	"-15.8014674359662"	"7.44571231824377"	"01"	"34"	"34"
"IGLJ1"	"01"	"3059"	"3059"	""	"3.57663423424994"	"-87.1995571375017"	"-176.704926861587"	"-176.704926861587"	"90.7761913717516"	"01"	"3059"	"3059"
"IGLJ3"	"02"	"3115"	"3115"	""	"3.52893095835119"	"-88.9090671204348"	"-180.052979082032"	"-180.052979082032"	"92.437998078786"	"02"	"3115"	"3115"
"IGLJ6"	NA	NA	NA	NA	NA	NA	NA	NA	"1000"	"Deletion"	NA	NA
"IGLJ7"	"01,02"	"203,1"	"204"	""	"4.65365925523292"	"-53.8792636986645"	"-113.569016636597"	"-113.569016636597"	"58.5329229538974"	"01"	"203"	"204"
