"sequence_id","sequences","closest_reference","closest_host","nt_diff","nt_diff_host","nt_substitutions","aa_diff","aa_substitutions","assigned_unmutated_frequency","unmutated_frequency","unmutated_sequences","unmutated_umis","allelic_percentage","unique_ds","unique_js","unique_cdr3s","unique_ds_unmutated","unique_js_unmutated","unique_cdr3s_unmutated","haplotyping_gene","haplotyping_ratio","nt_sequence","nt_sequence_gapped"
"TRBV10-1*ap01","1497","","","","","","","","99.27","1.3","1486","","100","2","13","1460","2","13","1458","","","CTCCTCCCAGACATCTGTATATTTCTGCGCCAGCAGTGAGTC","............................................................................................................................................................................................................................................................................................CTCCTCCCAGACATCTGTATATTTCTGCGCCAGCAGTGAGTC"
"TRBV20-1*ap01","3720","","","","","","","","98.66","3.21","3670","","86","2","13","3625","2","13","3621","","","CCATCCTGAAGACAGCAGCTTCTACATCTGCAGTGCTAGAGA",".........................................................................................................................................................................................................................................................................................CCATCCTGAAGACAGCAGCTTCTACATCTGCAGTGCTAGAGA"
"TRBV20-1*ap02","628","","","","","","","","97.61","0.54","613","","14","2","13","606","2","13","605","","","CCATCCTGAAGACAGCAGCTTCTACATCTGCAGTGCTAGT",".........................................................................................................................................................................................................................................................................................CCATCCTGAAGACAGCAGCTTCTACATCTGCAGTGCTAGT"
"TRBV10-2*ap01","910","","","","","","","","98.79","0.79","899","","100","2","13","879","2","13","877","","","CCGCTCCCAGACATCTGTGTATTTCTGCGCCAGCAGTGAGTC","............................................................................................................................................................................................................................................................................................CCGCTCCCAGACATCTGTGTATTTCTGCGCCAGCAGTGAGTC"
"TRBV10-3*ap01","2235","","","","","","","","98.79","1.93","2208","","100","2","13","2178","2","13","2172","","","CAGCTCCCAGACATCTGTGTACTTCTGTGCCATCAGTGAGTC","............................................................................................................................................................................................................................................................................................CAGCTCCCAGACATCTGTGTACTTCTGTGCCATCAGTGAGTC"
"TRBV1*ap01","298","","","","","","","","97.99","0.26","292","","100","2","13","284","2","13","284","","","GCAAGAAGACTCAGCTGCGTATCTCTGCACCAGCAGCCAAGA","............................................................................................................................................................................................................................................................................................GCAAGAAGACTCAGCTGCGTATCTCTGCACCAGCAGCCAAGA"
"TRBV13*ap01","928","","","","","","","","98.06","0.8","910","","100","2","13","896","2","13","884","","","GCTGGGGGACTCAGCCCTGTACTTCTGTGCCAGCAGCTTAGG","............................................................................................................................................................................................................................................................................................GCTGGGGGACTCAGCCCTGTACTTCTGTGCCAGCAGCTTAGG"
"TRBV14*ap01","1347","","","","","","","","99.26","1.17","1337","","100","2","13","1329","2","13","1325","","","ACTGGAGGATTCTGGAGTTTATTTCTGTGCCAGCAGCCAAGA","............................................................................................................................................................................................................................................................................................ACTGGAGGATTCTGGAGTTTATTTCTGTGCCAGCAGCCAAGA"
"TRBV15*ap02","1540","","","","","","","","99.03","1.33","1525","","100","2","13","1502","2","13","1500","","","CCTGGGGGACGCAGCCATGTACCTGTGTGCCACCAGCAGAGA","............................................................................................................................................................................................................................................................................................CCTGGGGGACGCAGCCATGTACCTGTGTGCCACCAGCAGAGA"
"TRBV16*ap01","100","","","","","","","","100","0.09","100","","100","2","12","100","2","12","100","","","GCTTGAGGATTCAGCAGTGTATTTTTGTGCCAGCAGCCAATC","............................................................................................................................................................................................................................................................................................GCTTGAGGATTCAGCAGTGTATTTTTGTGCCAGCAGCCAATC"
"TRBV17*ap01","1","","","","","","","","0","0","0","","100","0","1","1","0","0","0","","","AGAGCCGAGGGACTCAGCCGTGTATCTCTACAGTAGCGGTGG",".........................................................................................................................................................................................................................................................................................AGAGCCGAGGGACTCAGCCGTGTATCTCTACAGTAGCGGTGG"
"TRBV18*ap01","2042","","","","","","","","99.17","1.77","2025","","100","2","13","2012","2","13","2008","","","GCGAGGAGATTCGGCAGCTTATTTCTGTGCCAGCTCACCACC","............................................................................................................................................................................................................................................................................................GCGAGGAGATTCGGCAGCTTATTTCTGTGCCAGCTCACCACC"
"TRBV19*ap01","6194","","","","","","","","98.72","5.35","6115","","100","2","13","6077","2","13","6049","","","AAAGAACCCGACAGCTTTCTATCTCTGTGCCAGTAGTATAGA","............................................................................................................................................................................................................................................................................................AAAGAACCCGACAGCTTTCTATCTCTGTGCCAGTAGTATAGA"
"TRBV2*ap01","4833","","","","","","","","98.22","4.15","4747","","100","2","13","4649","2","13","4636","","","GCTGGAGGACTCAGCCATGTACTTCTGTGCCAGCAGTGAAGC","............................................................................................................................................................................................................................................................................................GCTGGAGGACTCAGCCATGTACTTCTGTGCCAGCAGTGAAGC"
"TRBV27*ap01","4775","","","","","","","","98.37","4.11","4697","","100","2","13","4606","2","13","4589","","","CCCCAACCAGACCTCTCTGTACTTCTGTGCCAGCAGTTTATC","............................................................................................................................................................................................................................................................................................CCCCAACCAGACCTCTCTGTACTTCTGTGCCAGCAGTTTATC"
"TRBV28*ap01","1235","","","","","","","","99.51","1.08","1229","","100","2","13","1208","2","13","1206","","","CACCAACCAGACATCTATGTACCTCTGTGCCAGCAGTTTATG","............................................................................................................................................................................................................................................................................................CACCAACCAGACATCTATGTACCTCTGTGCCAGCAGTTTATG"
"TRBV30*ap01","3656","","","","","","","","98.28","3.14","3593","","87","2","13","3533","2","13","3523","","","CCTTCTCAGTGACTCTGGCTTCTATCTCTGTGCCTGGAGTGT",".........................................................................................................................................................................................................................................................................................CCTTCTCAGTGACTCTGGCTTCTATCTCTGTGCCTGGAGTGT"
"TRBV30*ap03","533","","","","","","","","99.25","0.46","529","","13","2","13","520","2","13","520","","","CCTTCTCAGTGACTCTGGCTTCTATCTCTGTGCCTGGGGA",".........................................................................................................................................................................................................................................................................................CCTTCTCAGTGACTCTGGCTTCTATCTCTGTGCCTGGGGA"
"TRBV9*ap01","6435","","","","","","","","99.02","5.58","6372","","100","2","13","6267","2","13","6256","","","AGCTGGGGGACTCAGCTTTGTATTTCTGTGCCAGCAGCGTAG","...........................................................................................................................................................................................................................................................................................AGCTGGGGGACTCAGCTTTGTATTTCTGTGCCAGCAGCGTAG"
"TRBV11-1*ap01","552","","","","","","","","98.01","0.47","541","","100","2","13","534","2","13","534","","","GCTTGGGGACTCGGCCATGTATCTCTGTGCCAGCAGCTTAGC","............................................................................................................................................................................................................................................................................................GCTTGGGGACTCGGCCATGTATCTCTGTGCCAGCAGCTTAGC"
"TRBV21-1*ap01","2310","","","","","","","","98.74","2","2281","","100","2","13","2275","2","13","2253","","","GTCAGGGGACACAGCACTGTATTTCTGTGCCAGCAGCAAAGC","............................................................................................................................................................................................................................................................................................GTCAGGGGACACAGCACTGTATTTCTGTGCCAGCAGCAAAGC"
"TRBV11-2*ap01","2773","","","","","","","","98.85","2.4","2741","","100","2","13","2714","2","13","2704","","","GCTTGAGGACTCGGCCGTGTATCTCTGTGCCAGCAGCTTAGA","............................................................................................................................................................................................................................................................................................GCTTGAGGACTCGGCCGTGTATCTCTGTGCCAGCAGCTTAGA"
"TRBV11-3*ap01","1186","","","","","","","","98.9","1.03","1173","","100","2","13","1163","2","13","1159","","","GCTTGGGGACTCGGCCGTGTATCTCTGTGCCAGCAGCTTAGA","............................................................................................................................................................................................................................................................................................GCTTGGGGACTCGGCCGTGTATCTCTGTGCCAGCAGCTTAGA"
"TRBV12-1*ap01","146","","","","","","","","100","0.13","146","","100","2","12","144","2","12","144","","","ACCCAGGGACTTGGGCCTATATTTCTGTGCCAGCAGCTTTGC","............................................................................................................................................................................................................................................................................................ACCCAGGGACTTGGGCCTATATTTCTGTGCCAGCAGCTTTGC"
"TRBV12-2*ap01","318","","","","","","","","99.06","0.28","315","","100","2","13","308","2","13","308","","","GCAGGGGGACTCGGCCGTGTATGTCTGTGCAAGTCGCTTAGC","............................................................................................................................................................................................................................................................................................GCAGGGGGACTCGGCCGTGTATGTCTGTGCAAGTCGCTTAGC"
"TRBV12-5*ap01","891","","","","","","","","99.55","0.78","887","","100","2","13","872","2","13","872","","","ACCCAGGGACTCAGCTGTGTATTTTTGTGCTAGTGGTTTGGT","............................................................................................................................................................................................................................................................................................ACCCAGGGACTCAGCTGTGTATTTTTGTGCTAGTGGTTTGGT"
"TRBV12-34*ap01","6320","","","","","","","","98.69","5.46","6237","","100","2","13","6151","2","13","6137","","","ACCCAGGGACTCAGCTGTGTACTTCTGTGCCAGCAGTTTAGC","............................................................................................................................................................................................................................................................................................ACCCAGGGACTCAGCTGTGTACTTCTGTGCCAGCAGTTTAGC"
"TRBV23-1*ap01","811","","","","","","","","98.52","0.7","799","","100","2","13","799","2","13","793","","","ACCGGGAGACACGGCACTGTATCTCTGCGCCAGCAGTCAATC","............................................................................................................................................................................................................................................................................................ACCGGGAGACACGGCACTGTATCTCTGCGCCAGCAGTCAATC"
"TRBV3-12*ap01","4592","","","","","","","","98.17","3.95","4508","","100","2","13","4409","2","13","4399","","","GCTTGGTGACTCTGCTGTGTATTTCTGTGCCAGCAGCCAAGA","............................................................................................................................................................................................................................................................................................GCTTGGTGACTCTGCTGTGTATTTCTGTGCCAGCAGCCAAGA"
"TRBV24-1*ap01","2123","","","","","","","","98.63","1.83","2094","","100","2","13","2067","2","13","2057","","","CCCAACCAGACAGCTCTTTACTTCTGTGCCACCAGTGATTTG",".............................................................................................................................................................................................................................................................................................CCCAACCAGACAGCTCTTTACTTCTGTGCCACCAGTGATTTG"
"TRBV4-1*ap01","1988","","","","","","","","98.39","1.71","1956","","100","2","13","1920","2","13","1915","","","GCCAGAAGACTCAGCCCTGTATCTCTGCGCCAGCAGCCAAGA","............................................................................................................................................................................................................................................................................................GCCAGAAGACTCAGCCCTGTATCTCTGCGCCAGCAGCCAAGA"
"TRBV4-2*ap01","1408","","","","","","","","98.58","1.21","1388","","100","2","13","1368","2","13","1361","","","GCCAGAAGACTCGGCCCTGTATCTCTGTGCCAGCAGCCAAGA","............................................................................................................................................................................................................................................................................................GCCAGAAGACTCGGCCCTGTATCTCTGTGCCAGCAGCCAAGA"
"TRBV25-1*ap01","1349","","","","","","","","98.59","1.16","1330","","100","2","13","1310","2","13","1308","","","GCCCTCACATACCTCTCAGTACCTCTGTGCCAGCAGTGAATA","............................................................................................................................................................................................................................................................................................GCCCTCACATACCTCTCAGTACCTCTGTGCCAGCAGTGAATA"
"TRBV5-1*ap01","8808","","","","","","","","98.31","7.58","8659","","100","2","14","8453","2","14","8428","","","AGCTGGGGGACTCGGCCCTTTATCTTTGCGCCAGCAGCTTGG","...........................................................................................................................................................................................................................................................................................AGCTGGGGGACTCGGCCCTTTATCTTTGCGCCAGCAGCTTGG"
"TRBV5-3*ap01","428","","","","","","","","98.13","0.37","420","","100","2","13","418","2","13","414","","","AGCTGGGGGACTCGGCCCTGTATCTCTGTGCCAGAAGCTTGG","...........................................................................................................................................................................................................................................................................................AGCTGGGGGACTCGGCCCTGTATCTCTGTGCCAGAAGCTTGG"
"TRBV5-4*ap01","3076","","","","","","","","99.02","2.67","3046","","100","2","13","2993","2","13","2984","","","AGCTGGACGACTCGGCCCTGTATCTCTGTGCCAGCAGCTTGG","...........................................................................................................................................................................................................................................................................................AGCTGGACGACTCGGCCCTGTATCTCTGTGCCAGCAGCTTGG"
"TRBV5-5*ap01","1035","","","","","","","","99.03","0.9","1025","","100","2","13","1016","2","13","1009","","","TGCTGGGGGACTCGGCCCTGTATCTCTGTGCCAGCAGCTTGG","...........................................................................................................................................................................................................................................................................................TGCTGGGGGACTCGGCCCTGTATCTCTGTGCCAGCAGCTTGG"
"TRBV5-6*ap01","2924","","","","","","","","98.8","2.53","2889","","100","2","13","2811","2","13","2809","","","TGCTGGGGGACTCGGCCCTCTATCTCTGTGCCAGCAGCTTGG","...........................................................................................................................................................................................................................................................................................TGCTGGGGGACTCGGCCCTCTATCTCTGTGCCAGCAGCTTGG"
"TRBV5-7*ap01","66","","","","","","","","100","0.06","66","","100","2","11","65","2","11","65","","","TGCTAGGGGACTCGGCCCTCTATCTCTGTGCCAGCAGCTTGG","...........................................................................................................................................................................................................................................................................................TGCTAGGGGACTCGGCCCTCTATCTCTGTGCCAGCAGCTTGG"
"TRBV5-8*ap01","826","","","","","","","","98.67","0.71","815","","100","2","13","810","2","13","803","","","AGCTGGAGGACTCGGCCCTGTATCTCTGTGCCAGCAGCTTGG","...........................................................................................................................................................................................................................................................................................AGCTGGAGGACTCGGCCCTGTATCTCTGTGCCAGCAGCTTGG"
"TRBV6-1*ap01","2928","","","","","","","","96.62","2.48","2829","","100","2","13","2819","2","13","2771","","","TCCCTCCCAGACATCTGTGTACTTCTGTGCCAGCAGTGAAGC","............................................................................................................................................................................................................................................................................................TCCCTCCCAGACATCTGTGTACTTCTGTGCCAGCAGTGAAGC"
"TRBV6-4*ap01","1877","","","","","","","","98.3","1.61","1845","","100","2","13","1822","2","13","1813","","","ACCCTCTCAGACATCTGTGTACTTCTGTGCCAGCAGTGACTC","............................................................................................................................................................................................................................................................................................ACCCTCTCAGACATCTGTGTACTTCTGTGCCAGCAGTGACTC"
"TRBV6-7*ap01","197","","","","","","","","96.95","0.17","191","","100","2","13","188","2","13","187","","","TCCCTCTCAGACTTCTGTTTACTTCTGTGCCAGCAGTTACTC","............................................................................................................................................................................................................................................................................................TCCCTCTCAGACTTCTGTTTACTTCTGTGCCAGCAGTTACTC"
"TRBV6-8*ap01","103","","","","","","","","100","0.09","103","","100","2","12","99","2","12","99","","","TCCCTCCCAGACATCTGTGTACTTGTGTGCCAGCAGTTACTC","............................................................................................................................................................................................................................................................................................TCCCTCCCAGACATCTGTGTACTTGTGTGCCAGCAGTTACTC"
"TRBV6-9*ap01","128","","","","","","","","60.94","0.07","78","","100","2","13","123","2","12","76","","","TCCCTCCCAGACATCTGTATACTTCTGTGCCAGCAGTTATTC","............................................................................................................................................................................................................................................................................................TCCCTCCCAGACATCTGTATACTTCTGTGCCAGCAGTTATTC"
"TRBV6-23*ap01","1681","","","","","","","","98.63","1.45","1658","","100","2","13","1622","2","13","1618","","","TCCCTCCCAAACATCTGTGTACTTCTGTGCCAGCAGTTACTC","............................................................................................................................................................................................................................................................................................TCCCTCCCAAACATCTGTGTACTTCTGTGCCAGCAGTTACTC"
"TRBV6-56*ap01","3556","","","","","","","","98.59","3.07","3506","","74","2","13","3445","2","13","3433","","","TCCCTCCCAGACATCTGTGTACTTCTGTGCCAGCAGTTACTC","............................................................................................................................................................................................................................................................................................TCCCTCCCAGACATCTGTGTACTTCTGTGCCAGCAGTTACTC"
"TRBV6-56*ap02","1225","","","","","","","","94.69","1.02","1160","","26","2","13","1182","2","13","1134","","","TCCCTCCCAGACATCTGTGTACTTCTGTGCCAGCAGTCGA","............................................................................................................................................................................................................................................................................................TCCCTCCCAGACATCTGTGTACTTCTGTGCCAGCAGTCGA"
"TRBV7-1*ap01_G291C_T296C","93","TRBV7-1*ap01","TRBV7-4*ap01","2","3","G291C,T296C","1","L99S","100","0.08","93","","100","2","13","93","2","13","93","","","GCAGGGCGACTCGGCTGTGTATCTCTGTGCCAGCAGCTCAGC","............................................................................................................................................................................................................................................................................................GCAGGGCGACTCGGCTGTGTATCTCTGTGCCAGCAGCTCAGC"
"TRBV7-2*ap01","2103","","","","","","","","99","1.82","2082","","100","2","13","2053","2","13","2052","","","GCAGGAGGACTCGGCCGTGTATCTCTGTGCCAGCAGCTTAGC","............................................................................................................................................................................................................................................................................................GCAGGAGGACTCGGCCGTGTATCTCTGTGCCAGCAGCTTAGC"
"TRBV7-3*ap01","2662","","","","","","","","98.76","2.3","2629","","100","2","13","2601","2","13","2590","","","GCGGGGGGACTCAGCCGTGTATCTCTGTGCCAGCAGCTTAAC","............................................................................................................................................................................................................................................................................................GCGGGGGGACTCAGCCGTGTATCTCTGTGCCAGCAGCTTAAC"
"TRBV7-4*ap01","171","","","","","","","","99.42","0.15","170","","100","2","13","167","2","13","167","","","GCAGGGGGACTCAGCTGTGTATCTCTGTGCCAGCAGCTTAGC","............................................................................................................................................................................................................................................................................................GCAGGGGGACTCAGCTGTGTATCTCTGTGCCAGCAGCTTAGC"
"TRBV7-6*ap01","1491","","","","","","","","99.13","1.29","1478","","100","2","14","1445","2","14","1441","","","GCAGCGGGACTCGGCCATGTATCGCTGTGCCAGCAGCTTAGC","............................................................................................................................................................................................................................................................................................GCAGCGGGACTCGGCCATGTATCGCTGTGCCAGCAGCTTAGC"
"TRBV7-7*ap01_C315T","687","TRBV7-7*ap01","TRBV7-6*ap01","1","2","C315T","0","","98.84","0.59","679","","100","2","13","675","2","13","672","","","GCAGCGGGACTCAGCCATGTATCGCTGTGCTAGCAGCTTAGC","............................................................................................................................................................................................................................................................................................GCAGCGGGACTCAGCCATGTATCGCTGTGCTAGCAGCTTAGC"
"TRBV7-8*ap01","1198","","","","","","","","99.17","1.04","1188","","69","2","13","1170","2","13","1170","","","GCAGGAGGACTCCGCCGTGTATCTCTGTGCCAGCAGCTTAGC","............................................................................................................................................................................................................................................................................................GCAGGAGGACTCCGCCGTGTATCTCTGTGCCAGCAGCTTAGC"
"TRBV7-8*ap03","527","","","","","","","","82.73","0.38","436","","31","2","13","507","2","13","423","","","GCAGGAGGACTCCGCCGTGTATCTCTGTGCCAGCAGCCGA","............................................................................................................................................................................................................................................................................................GCAGGAGGACTCCGCCGTGTATCTCTGTGCCAGCAGCCGA"
"TRBV7-9*ap01","5702","","","","","","","","98.72","4.93","5629","","100","2","13","5571","2","13","5557","","","GCAGGGGGACTCGGCCATGTATCTCTGTGCCAGCAGCTTAGC","............................................................................................................................................................................................................................................................................................GCAGGGGGACTCGGCCATGTATCTCTGTGCCAGCAGCTTAGC"
"TRBV29-1*ap01","2413","","","","","","","","98.26","2.08","2371","","84","2","13","2318","2","13","2311","","","GAGCCCTGAAGACAGCAGCATATATCTCTGCAGCGTTGAAGA",".........................................................................................................................................................................................................................................................................................GAGCCCTGAAGACAGCAGCATATATCTCTGCAGCGTTGAAGA"
"TRBV29-1*ap02","473","","","","","","","","99.15","0.41","469","","16","2","13","461","2","13","461","","","GAGCCCTGAAGACAGCAGCATATATCTCTGCAGCGCGGGC",".........................................................................................................................................................................................................................................................................................GAGCCCTGAAGACAGCAGCATATATCTCTGCAGCGCGGGC"
