subject	gene	TRBD2_01	TRBD2_02	alleles	proirs_row	proirs_col	counts1	k1	counts2	k2	counts3	k3	counts4	k4	TOTAL
Keck0076_MC1	TRBV3-12	ap01	ap01	ap01	0.45,0.55	1	508,542	40.6444382823153	NA	NA	NA	NA	NA	NA	24019
Keck0076_MC1	TRBV4-1	ap01	ap01	ap01	0.45,0.55	1	419,471	32.9037258827657	NA	NA	NA	NA	NA	NA	24019
Keck0076_MC1	TRBV6-4	ap01	ap01	ap01	0.45,0.55	1	193,198	156.465652341317	NA	NA	NA	NA	NA	NA	24019
Keck0076_MC1	TRBV9	ap01	ap01	ap01	0.45,0.55	1	557,532	68.3705178011037	NA	NA	NA	NA	NA	NA	24019
Keck0076_MC1	TRBV30	ap01	ap01	ap01	0.45,0.55	1	347,438	260.091815319079	NA	NA	NA	NA	NA	NA	24019
Keck0076_MC1	TRBV7-7	ap01_C315T	ap01	ap01,ap01_C315T	0.45,0.55	0.56,0.44	9,42	4.49350096548094	39,1	10.0592951322109	NA	NA	NA	NA	24019
Keck0076_MC1	TRBV12-34	ap01	ap01	ap01	0.45,0.55	1	442,367	45.3070907165825	NA	NA	NA	NA	NA	NA	24019
Keck0076_MC1	TRBV27	ap01	ap01	ap01	0.45,0.55	1	618,952	41.872719680816	NA	NA	NA	NA	NA	NA	24019
Keck0076_MC1	TRBV29-1	ap01,ap02	ap01,ap02	ap01,ap02	0.45,0.55	0.84,0.16	125,281	13.1118396958851	39,39	34.2174543979102	NA	NA	NA	NA	24019
Keck0076_MC1	TRBV25-1	ap01	ap01	ap01	0.45,0.55	1	72,153	37.8926686347747	NA	NA	NA	NA	NA	NA	24019
Keck0076_MC1	TRBV24-1	ap01	ap01	ap01	0.45,0.55	1	167,270	109.853308645219	NA	NA	NA	NA	NA	NA	24019
Keck0076_MC1	TRBV5-1	ap01	ap01	ap01	0.45,0.55	1	886,1057	67.9972246133834	NA	NA	NA	NA	NA	NA	24019
Keck0076_MC1	TRBV20-1	ap01,ap02	ap01,ap02	ap01,ap02	0.45,0.55	0.89,0.11	429,663	120.286268117839	54,84	15.004676638308	NA	NA	NA	NA	24019
Keck0076_MC1	TRBV2	ap01	ap01	ap01	0.45,0.55	1	503,479	61.5112076208553	NA	NA	NA	NA	NA	NA	24019
Keck0076_MC1	TRBV6-1	ap01	ap01	ap01	0.45,0.55	1	227,240	182.187299529398	NA	NA	NA	NA	NA	NA	24019
Keck0076_MC1	TRBV4-2	ap01	ap01	ap01	0.45,0.55	1	230,216	276.355928300527	NA	NA	NA	NA	NA	NA	24019
Keck0076_MC1	TRBV28	ap01	ap01	ap01	0.45,0.55	1	647,960	44.7866230446676	NA	NA	NA	NA	NA	NA	24019
Keck0076_MC1	TRBV1	ap01	ap01	ap01	0.45,0.55	1	51,69	37.029832038432	NA	NA	NA	NA	NA	NA	24019
Keck0076_MC1	TRBV5-8	ap01	ap01	ap01	0.45,0.55	1	50,50	65.0140206211264	NA	NA	NA	NA	NA	NA	24019
Keck0076_MC1	TRBV6-56	ap01,ap02	ap01,ap02	ap01,ap02	0.45,0.55	0.72,0.28	309,353	117.750682134975	142,111	88.4661226377915	NA	NA	NA	NA	24019
Keck0076_MC1	TRBV5-6	ap01	ap01	ap01	0.45,0.55	1	167,206	126.414788577914	NA	NA	NA	NA	NA	NA	24019
Keck0076_MC1	TRBV5-7	ap01	ap01	ap01	0.45,0.55	1	4,12	1.19944232366823	NA	NA	NA	NA	NA	NA	24019
Keck0076_MC1	TRBV7-9	ap01	ap01	ap01	0.45,0.55	1	373,428	290.660225330378	NA	NA	NA	NA	NA	NA	24019
Keck0076_MC1	TRBV6-23	ap01	ap01	ap01	0.45,0.55	1	144,222	97.5222796812115	NA	NA	NA	NA	NA	NA	24019
Keck0076_MC1	TRBV11-3	ap01	ap01	ap01	0.45,0.55	1	194,142	167.908295656684	NA	NA	NA	NA	NA	NA	24019
Keck0076_MC1	TRBV6-8	ap01	ap01	ap01	0.45,0.55	1	8,11	5.76293525866511	NA	NA	NA	NA	NA	NA	24019
Keck0076_MC1	TRBV11-2	ap01	ap01	ap01	0.45,0.55	1	267,332	201.427370236634	NA	NA	NA	NA	NA	NA	24019
Keck0076_MC1	TRBV13	ap01	ap01	ap01	0.45,0.55	1	141,116	142.788526443266	NA	NA	NA	NA	NA	NA	24019
Keck0076_MC1	TRBV7-2	ap01	ap01	ap01	0.45,0.55	1	378,234	257.932168455845	NA	NA	NA	NA	NA	NA	24019
Keck0076_MC1	TRBV5-4	ap01	ap01	ap01	0.45,0.55	1	309,312	251.802390731611	NA	NA	NA	NA	NA	NA	24019
Keck0076_MC1	TRBV6-7	ap01	ap01	ap01	0.45,0.55	1	14,27	8.07964499206417	NA	NA	NA	NA	NA	NA	24019
Keck0076_MC1	TRBV7-6	ap01	ap01	ap01	0.45,0.55	1	130,111	138.217684716612	NA	NA	NA	NA	NA	NA	24019
Keck0076_MC1	TRBV19	ap01	ap01	ap01	0.45,0.55	1	269,398	186.500703961567	NA	NA	NA	NA	NA	NA	24019
Keck0076_MC1	TRBV10-1	ap01	ap01	ap01	0.45,0.55	1	83,125	56.9762955857122	NA	NA	NA	NA	NA	NA	24019
Keck0076_MC1	TRBV7-3	ap01	ap01	ap01	0.45,0.55	1	297,358	226.984667596841	NA	NA	NA	NA	NA	NA	24019
Keck0076_MC1	TRBV7-8	ap01,ap03	ap01,ap03	ap01,ap03	0.45,0.55	0.69,0.31	105,93	78.1417842561167	47,42	35.4105313065412	NA	NA	NA	NA	24019
Keck0076_MC1	TRBV10-3	ap01	ap01	ap01	0.45,0.55	1	166,168	135.17198733519	NA	NA	NA	NA	NA	NA	24019
Keck0076_MC1	TRBV15	ap02	ap02	ap02	0.45,0.55	1	75,121	49.4019484594085	NA	NA	NA	NA	NA	NA	24019
Keck0076_MC1	TRBV18	ap01	ap01	ap01	0.45,0.55	1	122,236	70.2234969851675	NA	NA	NA	NA	NA	NA	24019
Keck0076_MC1	TRBV21-1	ap01	ap01	ap01	0.45,0.55	1	86,202	40.2793048999749	NA	NA	NA	NA	NA	NA	24019
Keck0076_MC1	TRBV12-5	ap01	ap01	ap01	0.45,0.55	1	73,66	83.5661868285175	NA	NA	NA	NA	NA	NA	24019
Keck0076_MC1	TRBV14	ap01	ap01	ap01	0.45,0.55	1	86,140	56.3232385847732	NA	NA	NA	NA	NA	NA	24019
Keck0076_MC1	TRBV10-2	ap01	ap01	ap01	0.45,0.55	1	88,91	71.1554815637671	NA	NA	NA	NA	NA	NA	24019
Keck0076_MC1	TRBV5-3	ap01	ap01	ap01	0.45,0.55	1	42,43	34.0723136862301	NA	NA	NA	NA	NA	NA	24019
Keck0076_MC1	TRBV6-9	ap01	ap01	ap01	0.45,0.55	1	6,6	7.80168247453517	NA	NA	NA	NA	NA	NA	24019
Keck0076_MC1	TRBV12-2	ap01	ap01	ap01	0.45,0.55	1	36,61	22.9573177385869	NA	NA	NA	NA	NA	NA	24019
Keck0076_MC1	TRBV23-1	ap01	ap01	ap01	0.45,0.55	1	34,70	18.4759997175274	NA	NA	NA	NA	NA	NA	24019
Keck0076_MC1	TRBV11-1	ap01	ap01	ap01	0.45,0.55	1	37,41	29.2089601703162	NA	NA	NA	NA	NA	NA	24019
Keck0076_MC1	TRBV16	ap01	ap01	ap01	0.45,0.55	1	5,7	3.56948789617215	NA	NA	NA	NA	NA	NA	24019
Keck0076_MC1	TRBV5-5	ap01	ap01	ap01	0.45,0.55	1	36,42	27.8740070936057	NA	NA	NA	NA	NA	NA	24019
Keck0076_MC1	TRBV7-4	ap01	ap01	ap01	0.45,0.55	1	14,26	8.33841811601253	NA	NA	NA	NA	NA	NA	24019
Keck0076_MC1	TRBV7-1	ap01_G291C_T296C	ap01_G291C_T296C	ap01_G291C_T296C	0.45,0.55	1	6,9	4.12812160103757	NA	NA	NA	NA	NA	NA	24019
Keck0076_MC1	TRBV12-1	ap01	ap01	ap01	0.45,0.55	1	21,27	15.6129046613991	NA	NA	NA	NA	NA	NA	24019
Keck0076_MC1	TRBV17	Unk	Unk	NA	NA	NA	NA	NA	NA	NA	NA	NA	NA	NA	24019
Keck0076_MC1	TRBV26	Unk	Unk	NA	NA	NA	NA	NA	NA	NA	NA	NA	NA	NA	24019
Keck0076_MC1	TRBV4-3	Del	Del	Del	NA	NA	NA	1000	NA	NA	NA	NA	NA	NA	24019
